  0.0000000000000000e+000  0.0000000000000000e+000  1.0000000000000000e+000  5.3265004105372077e-002
  1.9295490329844731e-001  0.0000000000000000e+000 -9.8120762598600242e-001  5.0720768347907431e-002
  8.2486239685749874e-001 -5.1700006296743795e-001 -2.2872026832392334e-001  6.0536621169039254e-002
  1.6574918877716373e-002  6.1417291599484236e-001  7.8899740260826545e-001  6.1685170525571466e-002
 -5.8642669512770595e-001 -7.4201037586744478e-001 -3.2484509130761102e-001  5.4189929864618389e-002
  4.5907844902472689e-001 -1.5596838300589205e-001  8.7459753094985271e-001  5.9784365702832590e-002
  3.4129445263043129e-001  6.6984518152085848e-001 -6.5941301882582104e-001  5.5472161416846986e-002
 -6.7397529068575979e-001  1.0236206620554673e-001  7.3162785276886289e-001  4.2489406263244087e-002
  7.5431360775660117e-001  4.4259803077932236e-001  4.8488964136542073e-001  5.6282346599321999e-002
 -9.1102532364431810e-001  4.2081517504347743e-002  4.1019752018179823e-001  6.0630143782392655e-002
  7.4665419079619855e-001  9.1979313136359899e-003 -6.6514879344852129e-001  6.2585595593249416e-002
 -6.3589404445426745e-001 -6.6790425060913761e-001  3.8670748149711387e-001  5.5879765850992150e-002
  3.0088564635660620e-001  9.5351761601160268e-001  1.6491930515166120e-002  6.2612456692775806e-002
  4.3144300055124946e-001  6.3049007245916444e-001  6.4524352441986743e-001  5.3744245917421100e-002
 -9.0239548115778345e-001 -3.5690986630893257e-001  2.4144925536715248e-001  6.0258162567364396e-002
 -2.7411619288064165e-001 -1.0803331105898231e-001 -9.5560929071574852e-001  5.2899286201131539e-002
 -3.5828272973803188e-001 -8.1057690944261607e-001 -4.6324783804128133e-001  5.3580627495036628e-002
 -6.0665871337985100e-001 -7.7992715332502058e-002 -7.9112726020240698e-001  5.8713347731491880e-002
 -2.7090819881287576e-001 -3.6956084228679714e-001  8.8883830456626722e-001  6.1201064386674019e-002
  2.4656345538588847e-002  9.9969015123524718e-001  3.4155743192703803e-003  5.3008301092373762e-002
  2.1084681414293477e-001 -7.5890810287286981e-001  6.1611858628000871e-001  5.7335616963980388e-002
 -9.7070977319141516e-001  1.4625726177546056e-001  1.9060784246356668e-001  6.1334072301129847e-002
  5.9662866332212593e-002  4.3834726577676530e-001 -8.9682329194053523e-001  5.3997822502061421e-002
 -2.1392322664095603e-001  1.2132057206116176e-001 -9.6928745576236286e-001  4.9870963136824153e-002
  9.5266151731375492e-001  1.2466286173471547e-001  2.7729984553469450e-001  6.3899999167726013e-002
  9.3830474472805914e-001 -2.9501717865555110e-001  1.8041360901808529e-001  5.2143854763024751e-002
  8.7332548215543959e-001  4.5285521351809499e-001 -1.7951255612755726e-001  5.2545316039598090e-002
 -2.5297548005478337e-001  5.5864427273846294e-002  9.6585846388402952e-001  5.5418073678014740e-002
 -9.0562368079345867e-001  4.1943367728586950e-001 -6.2618999868736494e-002  4.4074630967152924e-002
  3.4696748669900129e-001 -7.2391111120389273e-001 -5.9629377512206483e-001  5.0391247148718711e-002
  6.0029982297467510e-001 -5.2999312033316315e-001 -5.9895526956200240e-001  6.2937062371084818e-002
  4.3601899150038270e-001  7.8287751689117280e-001  4.4383581716362275e-001  5.8314014429425992e-002
  9.4659183300663230e-001  3.2049635148214300e-001  3.5298588807180308e-002  5.6990073345065180e-002
  2.8087933761501288e-001 -4.0575802577790465e-001 -8.6975124157299644e-001  5.2720430529186853e-002
  5.6046707600698453e-001  2.0852200736133009e-001  8.0149562017404841e-001  4.8796310332046143e-002
  8.1858116426826499e-001 -4.1016005488599938e-001  4.0211143589946036e-001  6.5760103752757607e-002
 -4.5933081036672763e-002 -9.5035318063971375e-001  3.0776449456436333e-001  5.6031045227983141e-002
 -3.9311370537259377e-001  3.2040699590269262e-001 -8.6185902073647835e-001  6.9099660790670883e-002
  8.4530296593344822e-001  5.2927040048941132e-001  7.3046142607902459e-002  5.7221036212260920e-002
 -1.2648453493518480e-001  9.7651523702201892e-001  1.7441231116541134e-001  5.6365257496750774e-002
 -6.7468271196124963e-001 -7.2837563666016214e-001  1.1946618810574411e-001  6.6204715650817841e-002
  5.1151502788702252e-001  4.7455930890230036e-001 -7.1634198437611452e-001  5.8641734923342466e-002
  1.1662285179917473e-001  9.6614897308219350e-001  2.3012012569623419e-001  5.7505998497312201e-002
  7.8045300640809401e-001  2.2571350435964468e-001 -5.8304932787737274e-001  4.4567989218748494e-002
  7.3872432120391363e-001  6.6049412980469646e-001 -1.3429028913273669e-001  5.9296893985024551e-002
  3.9362209318240651e-002 -6.5873238766519104e-001  7.5134696240718479e-001  5.5872356409974872e-002
 -6.0285093463908845e-001 -3.0396280291633859e-001 -7.3768378391287726e-001  4.7955520915100219e-002
 -8.5200609432271257e-001 -5.2240736722430603e-001  3.4295158648502314e-002  5.3320169529013112e-002
 -7.7033981436099430e-001  4.6812890858914180e-001  4.3293405427779391e-001  5.8404429520302573e-002
 -1.6072280129438510e-001  4.6362698355903437e-001  8.7133128100627522e-001  5.7352110955383777e-002
  1.5751717620146455e-001 -9.7775238651526741e-001  1.3852295789946062e-001  6.3333465259888505e-002
  2.5147717545704412e-001 -6.7565469038000273e-002  9.6550201326451002e-001  5.7056865319604251e-002
  8.2918208349023748e-001  2.2225954892238074e-002  5.5853655148782977e-001  6.0819534509615567e-002
  7.1713993278548371e-001 -2.4375461869211071e-001 -6.5291194097726202e-001  5.3377656789564611e-002
 -9.5883732614631556e-001 -1.8630656694244171e-001 -2.1429149563784788e-001  5.5675156373274047e-002
  4.7082409609626981e-003  7.8786544924858004e-001  6.1582941335030972e-001  5.6647216823660300e-002
  4.4676508179663499e-001 -8.7162077118882686e-001 -2.0168835593420067e-001  5.1873611340025647e-002
 -1.6087282314566201e-001 -1.7816893555199378e-001  9.7076040564982569e-001  5.5508869065235847e-002
  1.4179304743380422e-001  7.9429970418292073e-001 -5.9074758707451325e-001  5.2406658132834724e-002
 -9.6631103004236174e-001 -1.2140629551227833e-001  2.2694383584590949e-001  5.0190795675163831e-002
 -1.5538713562127041e-001  5.3383760626384413e-001 -8.3118725220127487e-001  5.2544330192960079e-002
 -2.3259179862327500e-001  9.7078249366428437e-001 -5.9011907342023009e-002  6.0506139722961635e-002
 -7.6788460586827056e-001 -1.9685407402270438e-001 -6.0959142514572373e-001  5.3137834494186943e-002
  7.9485469751681226e-001 -3.8574366983816788e-001 -4.6840989636774277e-001  6.0739233155304412e-002
 -4.6700407362180973e-001 -8.2771854790550636e-001  3.1110962806354170e-001  5.5161091960363520e-002
 -7.6827381797959537e-001 -6.1955271243575449e-001 -1.6096514256370836e-001  6.0300730461281954e-002
 -9.7752798008841946e-001  2.0644977320102167e-001 -4.2632608288742678e-002  5.2773621347563235e-002
  6.5560805742014139e-001 -7.2735422162126806e-001 -2.0281496822352119e-001  5.7740992588194172e-002
  5.3451527921442687e-001  8.4501923147677827e-001 -1.5359515640741454e-002  6.2412318067654057e-002
 -7.9735245597375703e-001  6.0297016995625963e-001  2.5613182065826318e-002  5.5439477340537578e-002
  7.6400915952747128e-001 -6.4520231031219888e-001  1.9957269172044909e-003  5.4282364223794302e-002
  9.2392284845233075e-001 -2.8512616465523394e-001 -2.5508751505459454e-001  5.1486904298375498e-002
 -2.3268231428338754e-002 -8.3784040399300841e-001  5.4541914785147561e-001  5.6431244084268695e-002
  5.8652080360020675e-001 -1.1345004077325588e-001 -8.0194914751043544e-001  5.1733709724914104e-002
 -5.8977112877383941e-001  4.9579629817738385e-001  6.3746062339444465e-001  5.2803744989789542e-002
  5.2161366053033772e-002 -9.3254701069529755e-001 -3.5726077973204134e-001  5.4516142109561072e-002
 -3.9380779933700572e-001 -1.5894061204946791e-001  9.0534705998455933e-001  5.2275488444232528e-002
 -5.6255552530568256e-002  9.6595753447735255e-001 -2.5251010751238168e-001  5.6770877782103261e-002
 -6.0771315320578501e-001  6.4638921850597453e-001  4.6137371145300154e-001  5.0289753988617042e-002
 -1.4595903193673282e-001  7.0889622889742165e-001 -6.9004499683071840e-001  5.7327832337050466e-002
 -2.7548503025376264e-001 -9.3736308092708864e-001  2.1320987927617222e-001  5.7630965471632357e-002
  8.5181782613343238e-001 -4.9656837028942385e-001  1.6681200409268884e-001  4.9245465013983358e-002
  2.6049437432853567e-001 -3.3829113259288174e-001  9.0426864954625630e-001  5.6136659754120501e-002
 -1.4895978645403182e-001 -3.0533407118853412e-001 -9.4052224162483500e-001  5.1677708705472780e-002
 -3.8316542450515301e-001 -5.5418747563749837e-001  7.3895906470542949e-001  5.5785862250643317e-002
 -5.1384367652167484e-001  8.0045789816366775e-001  3.0859654788427515e-001  5.9984752511950817e-002
  4.4116510547939225e-001  2.9052325711402788e-001 -8.4909927969773547e-001  4.5300245001053799e-002
 -5.9193197832400712e-001 -5.2599207383736246e-001  6.1069539976791853e-001  5.6845351505857476e-002
 -2.3742007677775021e-001  8.0506521416829524e-001  5.4360068807811868e-001  5.4524810724509834e-002
  1.8784994105654325e-002  1.7147794100725947e-001 -9.8500885262233118e-001  5.8947553191333490e-002
 -4.6086329444839830e-001  8.8065992218695222e-001 -1.0974117405896558e-001  5.6705296620989457e-002
 -8.9291430252059412e-001 -4.1593349154177051e-001 -1.7234668249790272e-001  5.4319991574872051e-002
 -2.2068105015727277e-001 -5.0220369150808808e-001 -8.3611681381080494e-001  6.2527371639119825e-002
  2.7448390537605399e-001  5.5101285511905540e-001  7.8806308071312170e-001  5.4502142152369523e-002
  1.8538433432144460e-001  8.7461311951493348e-001  4.4797828045626437e-001  6.0147767964914750e-002
 -8.4420454443271509e-001 -3.4650411334739151e-001 -4.0896648590378409e-001  6.0491087596358656e-002
  1.0994476048075651e-001  4.1486521562455908e-001  9.0321592241701387e-001  5.2865617227570591e-002
  5.2862342740922219e-001 -3.5910905733303167e-001 -7.6915405279794768e-001  6.0478562918999001e-002
  3.7908009682475130e-001  8.0918186713690554e-001 -4.4891311641359788e-001  6.2086270122725100e-002
  2.1769856815912736e-001 -9.5961026410909911e-001 -1.7820065779320446e-001  5.7594573674891972e-002
 -9.6585745926241995e-001 -2.5807409515257923e-001  2.2740488084477442e-002  5.9060265733076288e-002
 -7.2065300704618429e-001  6.4344505747647174e-001  2.5814279274152169e-001  5.3741992823187812e-002
 -2.7298490974035933e-001  9.1100587455890114e-001 -3.0910764399027640e-001  5.5009475260031769e-002
  1.7790092097129459e-001 -6.2514376154563123e-001 -7.5996482794807296e-001  6.2463189364566712e-002
  3.4474689259442037e-001  9.0476549752326207e-001  2.5009792989542157e-001  4.9846997850649125e-002
  6.0679168144618956e-001  6.1648219314804409e-001  5.0175049662066473e-001  5.0635026389327369e-002
  9.1314526046829536e-001 -4.0553289147213450e-001 -4.1337721496703846e-002  5.5153467842566278e-002
 -7.2808851694828414e-001  2.8177099484913259e-001 -6.2489376533117869e-001  4.9902868601891463e-002
  2.8646206028261584e-001  4.8142305868550467e-001 -8.2835458988559485e-001  5.6936781077173669e-002
  7.2397776005306302e-001  2.3538348620284480e-001  6.4842178971063635e-001  5.4106236482539379e-002
  3.6127964908091803e-001  3.3590395988839200e-001  8.6985374913905278e-001  6.3508831007479699e-002
 -8.9027104092119891e-001  4.1896799169376281e-001  1.7855894162203167e-001  7.0396473661854045e-002
  4.0616422854053663e-001 -5.5204545192465238e-001 -7.2820082289391652e-001  4.6955307541616510e-002
 -1.2614377806009788e-001 -8.3663938588880005e-001 -5.3303122350978316e-001  6.1724586427109068e-002
 -3.0125098061044953e-001  8.9268627085300267e-001  3.3520004252953511e-001  5.4451972272093224e-002
  3.0110927125754711e-001 -8.5993691028111263e-001 -4.1211857165010496e-001  5.7415642236569475e-002
  3.9614828772648031e-001 -7.9643637168608705e-001  4.5689784414776868e-001  5.6453016423155394e-002
  5.5671661321968269e-001  6.4163409532388982e-001 -5.2760998880148169e-001  5.5072215226219828e-002
 -7.4103441281948479e-001  4.6330111783367661e-001 -4.8602476606788997e-001  6.4086444800450504e-002
 -3.0114283043908430e-001 -6.7294284839962337e-001 -6.7561891511630900e-001  5.5161120119455696e-002
  8.8804765550482334e-001  3.7284085181872340e-001  2.6900011295067372e-001  5.5683455898266156e-002
  4.0750732216122831e-001  8.8523989481460966e-002  9.0890114185827220e-001  5.0414595427378389e-002
 -3.1459296087735222e-001  2.7693589752697001e-001  9.0793049162771944e-001  5.1039317986536915e-002
  9.6535179098785051e-001 -3.6492773998236576e-002 -2.5838768755972696e-001  5.7921228139035046e-002
 -6.5642799360696524e-001  6.5164023124035741e-001 -3.8008853999844217e-001  4.1663611225674788e-002
  9.8126431328490235e-002  6.4242770422666262e-001 -7.6003805715029482e-001  5.9984994544232617e-002
 -8.9360461183189022e-001 -9.6339276307049290e-002 -4.3839427636935546e-001  5.7862049950021414e-002
 -4.6373732989553396e-001 -8.8290816129448269e-001  7.3626541280685284e-002  5.7362341822026167e-002
 -7.1172393294352820e-002 -9.9423230386807071e-001  8.0228525961420341e-002  4.8161643305450398e-002
 -1.1132423978223950e-002 -9.9045843684107460e-001 -1.3736139933294275e-001  5.8005520516513247e-002
 -9.6183912300718866e-001  6.0889954742703943e-002 -2.6675440926851335e-001  5.7144309736636652e-002
 -4.5837008452629646e-001 -4.9302839722692471e-001 -7.3947269397808435e-001  5.4451382886196172e-002
  3.0169624427823585e-002 -4.4277611260448185e-001  8.9612449351010781e-001  6.2971254735282589e-002
  8.6722942949488502e-001 -1.5470276851772888e-001 -4.7326543295589013e-001  5.8441751929978657e-002
  8.5776572227009407e-001  2.3152684795260517e-001  4.5894801925228423e-001  4.7242146483727168e-002
 -5.1896570406841858e-001  6.4182755245407219e-001 -5.6456354018975208e-001  5.9783038936802445e-002
  7.2148182140171313e-001 -6.4776197884295372e-001  2.4468019975536900e-001  5.1368519781872138e-002
  8.5481323871220927e-001  3.3945193680789926e-001 -3.9251332400277777e-001  5.8784758017918944e-002
 -4.2597387416045845e-001 -8.8025615309848682e-001 -2.0903435953207103e-001  5.9997882283107977e-002
  2.2867780899271825e-001  7.3364543564663365e-001  6.3989908144109031e-001  4.9791115457259977e-002
 -7.7248849064704816e-001 -4.5024990797072156e-001  4.4781307728806014e-001  5.6463421816561887e-002
  4.5814783323793778e-001 -6.2961472208072322e-001  6.2744391354016371e-001  5.6039151626997123e-002
  9.9569853264987573e-001  9.2141560413361953e-002  9.7141609763878329e-003  5.4303442088800204e-002
 -4.3128772366804030e-001  4.6656148742819911e-002 -9.0100727144553505e-001  5.3985694926637878e-002
 -3.1233978583528060e-001  7.8186052339790468e-001 -5.3957203424225531e-001  5.3522201039494260e-002
 -5.8934480049763460e-001  1.7106286606846022e-001 -7.8956329827243577e-001  5.2141275469950968e-002
 -4.0077493088045639e-002 -9.0959665518827088e-002 -9.9504780477948940e-001  5.5738226031970275e-002
  6.9906099507243225e-001  7.0999148165440862e-001  8.5004830136401463e-002  4.3275042530696091e-002
  7.3550414415240994e-001  6.0644822985657476e-001  3.0208309856471283e-001  6.0998269275846395e-002
  1.6941389516580249e-001  1.8235708140237036e-001  9.6852714313392363e-001  5.6818523216418955e-002
 -3.7079044214549550e-001  5.6637666786065821e-001 -7.3602440048996032e-001  5.7040407996074703e-002
  1.6625364303675202e-001 -8.9715007285604187e-001  4.0924500357537308e-001  5.3457050395278725e-002
  1.6408084339871457e-001  9.7017694474515503e-001 -1.7842133480759195e-001  4.8404288024745772e-002
  9.8663523478534321e-001 -1.5426766015226206e-001 -5.2463344453216029e-002  5.7751152233796635e-002
 -8.6801494362765064e-001 -2.0342627213135381e-001  4.5295453353049348e-001  5.6265727135946728e-002
 -6.7549086316390478e-002  2.4231426450348992e-001  9.6784343679954432e-001  5.9427971764598728e-002
  6.9481480614153635e-001  4.4706369647695260e-001 -5.6335285253459255e-001  5.6764996031544876e-002
 -2.4930833194047675e-001 -8.5369344347303833e-001  4.5722298738821454e-001  5.4568336537883573e-002
 -7.0749890309398322e-002  9.0864105245928162e-001  4.1154087379857823e-001  5.0739515146922917e-002
 -7.2777429678093442e-001 -5.6108362992127048e-001 -3.9437258167802081e-001  5.2851019577415212e-002
  5.1836266181330237e-001 -7.4080741223462954e-001 -4.2720548781126350e-001  6.1891511225827756e-002
 -6.2784259462581660e-001  7.7523376424889456e-001  6.9471484380369708e-002  5.6044537427166446e-002
  6.6219533080890003e-001 -4.3918564588629289e-001  6.0713533277378207e-001  5.7624871590434848e-002
  2.3962169650602036e-002 -4.6810809329761499e-001 -8.8334626699551244e-001  5.7790449199024672e-002
 -8.8514546552769169e-001  2.7599106158432135e-001  3.7462840092727234e-001  4.1246973964560119e-002
  6.9764299276520747e-001 -5.9304054403868844e-001 -4.0199150211403883e-001  4.3179979113326626e-002
  7.3257257141064724e-001  5.8164675000839872e-001 -3.5358801707843479e-001  5.5047267597948271e-002
  1.4468441895090772e-001  9.0632958400720454e-001 -3.9703035660534303e-001  5.5083185629991593e-002
  9.1253875965283493e-001 -1.4286042262429394e-001  3.8322827633001433e-001  5.9200438251096867e-002
 -4.1524017404757829e-001 -2.7398184508073042e-001 -8.6747308109421783e-001  6.1425324966687497e-002
 -2.0685852589910489e-001 -9.2605602881670490e-001 -3.1564185678563539e-001  5.1747946388024310e-002
 -7.9399195386712951e-001 -3.6517701486179194e-002  6.0683048264933470e-001  5.6120227546307085e-002
 -4.2568192769538138e-001  6.8667260286549525e-001  5.8930096971536527e-001  5.9380049526698640e-002
  5.6816383516160562e-001  4.3086258671501310e-001  7.0110433444937681e-001  6.3805911721994596e-002
 -5.6672375098553118e-001  2.9791725820407655e-001  7.6815981236527553e-001  5.5515503940788934e-002
  5.7011722548777555e-001  7.7073608243399971e-001 -2.8448592309007442e-001  5.8082891500828938e-002
  1.0888730963036279e-001 -8.1066494008156464e-001 -5.7529636599235945e-001  5.5806089685279718e-002
 -8.0591240557049371e-001  5.3767979949224309e-001 -2.4780158951379122e-001  5.9062374843727873e-002
  3.7862011538238977e-001 -1.7248841499365147e-001 -9.0933742632798509e-001  5.6589854936823857e-002
  5.5539782840052310e-001 -7.8208411415256829e-001  2.8262641525196447e-001  5.3659991007262597e-002
 -5.8004484773329278e-002 -6.8478671472043884e-001 -7.2643143867027726e-001  5.3974145505778316e-002
 -5.2129687956542992e-001 -3.4663508152124950e-001  7.7980361862080527e-001  5.5596558075365156e-002
  4.5372969731693685e-001 -4.2980801522280354e-001  7.8063719602829273e-001  5.9321262203545028e-002
 -6.0841101887868465e-001 -7.8819563781917623e-001 -9.2648090265384023e-002  4.5531102944286451e-002
  2.3824883466386471e-001  2.4019859560662266e-001 -9.4103247948724733e-001  5.8030966704787912e-002
 -7.1640788413192402e-001 -3.0249552341746000e-001  6.2869404471970047e-001  5.4472586595469247e-002
  2.6569178759392942e-001 -5.7154821488869456e-001  7.7636364679362013e-001  5.4672687362013341e-002
 -5.2097542193090118e-001 -6.5483566840787988e-001 -5.4751699254427211e-001  6.0319365495961896e-002
  3.5671096796538299e-001 -9.3413215743446798e-001  1.2425690323914459e-002  5.4779183347060313e-002
  6.2723685907028004e-001  2.1598490849833607e-001 -7.4828099128911130e-001  6.0851636064518239e-002
 -4.7767969121102333e-001  8.5403682019430313e-002  8.7437310325859485e-001  6.0579786622315931e-002
 -7.7155543470370480e-001  5.0959656127636192e-002 -6.3411775296590633e-001  5.8382173209022739e-002
 -6.7723619864808493e-001 -4.4813165191361687e-001 -5.8354875871161327e-001  5.4525315958892380e-002
  5.8018145038851410e-001 -8.1407529317540661e-001  2.5901769562250397e-002  6.5128845549211292e-002
 -6.1638549418347077e-001 -1.2386876470752096e-001  7.7764095294038582e-001  6.0021102890943118e-002
 -8.5684793229467315e-002  8.5854418167901914e-001 -5.0552942972128423e-001  5.9805215427539603e-002
 -3.9944555991354641e-001  4.7063701644584449e-001  7.8672996855103161e-001  5.9035543284585934e-002
 -6.6021618771021828e-001  7.3362502037149746e-001 -1.6096246447636678e-001  5.7595845853469843e-002
 -4.4893765978523331e-001 -7.1497683306287207e-001  5.3596931424284355e-001  5.7756056223074975e-002
 -5.6875043480661047e-001  4.3102298950869866e-001 -7.0052988902849511e-001  5.4592703603020244e-002
 -3.9923075617059500e-001  9.0861801503090134e-001  1.2258917606689398e-001  5.3649282038159149e-002
 -1.5770344663864291e-001 -5.5535419421182519e-001  8.1652393834450865e-001  4.6753453855693426e-002
  9.8259872627472156e-001 -7.3968179296152375e-002  1.7037737988039070e-001  4.6029434141918062e-002
  8.9600490148720990e-001  9.0279424219756932e-002 -4.3476987254574645e-001  5.3612681286272119e-002
 -4.7730797210509746e-001  8.0453032005673952e-001 -3.5342334936209269e-001  5.8617373860026203e-002
  7.9060700710145526e-001 -2.1491316189607784e-001  5.7336977001400213e-001  5.3523253059244991e-002
  6.6932737020113861e-002 -2.2897718922394353e-001  9.7112792953868787e-001  4.9793745338012348e-002
 -7.6960639598465741e-001  2.6255730363373198e-001  5.8203922339314129e-001  7.0783408409729395e-002
  6.5213928439177349e-001 -2.0751175397152117e-002  7.5781511100836607e-001  6.6067703241955489e-002
  5.5434778055896705e-001  7.9821686783313284e-001  2.3568701724110788e-001  5.9558011000176880e-002
 -2.0908801975945757e-001 -7.2529583677137965e-001  6.5591779146107410e-001  5.7434053294391586e-002
 -1.5605411935582600e-001  3.3716159668093637e-001 -9.2842294755980648e-001  4.9981416408796032e-002
 -2.5050380554613849e-001 -9.6562396601132439e-001 -6.9413252851763863e-002  5.6488597483275588e-002
  3.5972883623665325e-001 -9.0058605916460088e-001  2.4400802121692067e-001  5.0087403712594458e-002
 -9.1151216530054568e-001  3.1057250281967469e-001 -2.6961137402089258e-001  5.9842921564873260e-002
 -8.6723431836774734e-001  1.8929674102702734e-001 -4.6051208548937672e-001  5.4066550027658887e-002
  4.4586014511940086e-001  6.0029288786270667e-002 -8.9308746239207804e-001  6.2419833559913963e-002
  6.3387750616673433e-001 -6.2092741328695511e-001  4.6113821637835728e-001  5.6112292874005362e-002
  1.4168807800214567e-001 -2.4421572076376444e-001 -9.5931390602028332e-001  6.0175054670471954e-002
 -7.8752928740423689e-001 -5.6561470385826840e-001  2.4469905651615859e-001  4.5204712914914298e-002
  3.8504635762513623e-001  8.9743432732384021e-001 -2.1529266271850062e-001  5.1908251493950300e-002
 -9.9982532975778660e-001 -1.6199363897554404e-002 -9.3215118971121270e-003  5.6724408076343782e-002
 -2.2675899835337923e-001  6.5371283446173822e-001  7.2196944999478485e-001  5.0854584379630488e-002
  6.2044878997625985e-001 -2.5690485385030915e-001  7.4097449017165651e-001  4.7511659085321657e-002
  9.5663675543880144e-001  2.1507799733384264e-001 -1.9643719914106506e-001  5.7911524232524048e-002
