   0.0000000000000000e+00   0.0000000000000000e+00   1.0000000000000000e+00   1.3033730039210658e-02
   9.9988996817316733e-01   0.0000000000000000e+00   1.4834134510054629e-02   1.5698768411743148e-02
  -6.2323227507691947e-01   2.2175864519857230e-01   7.4993642035984676e-01   1.5281616752401101e-02
   1.0176603594357228e-01   7.4010738832455158e-01  -6.6474410691313601e-01   1.6116660145215313e-02
  -8.9386970288044365e-01   3.5403551374632364e-01   2.7505601116646033e-01   1.4196978176729607e-02
   4.8005346266141907e-01  -3.0488708615303378e-01  -8.2255245284656109e-01   1.5649355208282915e-02
  -3.0902540420551661e-01  -7.9620510700695224e-01  -5.2015452236010107e-01   1.3683988407379119e-02
   1.6558010501162840e-01  -4.2207282793995238e-01   8.9131237887685000e-01   1.5180373899825838e-02
  -9.3634806830359207e-01   3.2213470399591820e-01   1.3957624248271516e-01   1.5195912130583708e-02
  -8.6527387622551433e-01   4.8044371947100883e-01  -1.4309071088835876e-01   1.4116048848007975e-02
  -1.1967445070358627e-01   6.6331911062675508e-01   7.3870547806695297e-01   1.6862214036405008e-02
   1.6365866330130235e-01   3.1282703128417594e-01  -9.3560413125656949e-01   1.4580011900424544e-02
  -8.1898120198387026e-01  -2.9467139140711340e-01   4.9238050518196880e-01   1.4593784936005079e-02
  -7.7896167056027410e-01  -6.2700001813352324e-01  -9.4706419269564822e-03   1.4331027160446081e-02
  -9.3223735972668298e-01  -2.6819893209471696e-01   2.4290499779353364e-01   1.3874522694451061e-02
  -9.7804060851582408e-01  -1.1525577181532488e-01  -1.7364525665059330e-01   1.4030254989950036e-02
  -1.8192375818844095e-01   9.6063661437643777e-01   2.0995485544747186e-01   1.5242317655326302e-02
  -7.7701517700089995e-01   4.0039802345967146e-01   4.8572506371387580e-01   1.3895462713634286e-02
  -3.5823816226247979e-01  -1.8314637533462866e-01  -9.1549048291098500e-01   1.6248020883172971e-02
  -3.5965156416854133e-01   4.9345452425352855e-02  -9.3178097142840322e-01   1.6184226883080403e-02
   7.0590164326372482e-02  -6.7923732821387928e-01   7.3051603723754521e-01   1.3427550758269922e-02
   3.2493142146684606e-01  -8.5760788615939987e-01   3.9865810532427493e-01   1.4269372627282036e-02
  -2.2101180876053325e-01  -1.8977330493284811e-01  -9.5662943354428609e-01   1.3299703864444963e-02
   8.7243895000477589e-01  -8.5687789955277080e-02   4.8115265890062836e-01   1.5936731359683150e-02
   6.3354915336426654e-01   1.6928406813459973e-01   7.5495587589422819e-01   1.8198974668369759e-02
   3.9741289469967955e-01  -5.9095838620079710e-01  -7.0201935650334524e-01   1.2759657397733397e-02
  -9.9128795740704201e-01   1.0120419399665666e-01   8.4296480455957348e-02   1.5131153110768935e-02
   5.7880094272720917e-01   4.9983146986451024e-02   8.1393559555742778e-01   1.5472593576537392e-02
  -5.1005874481684521e-01   6.0055321067250622e-01   6.1577261873747580e-01   1.8020617323508414e-02
  -5.6160239596316908e-01   6.7303283046712958e-01  -4.8127908531519620e-01   1.2500085396846113e-02
  -3.3868255731885744e-01   7.5645177667371422e-01  -5.5953090614830214e-01   1.5299607352335367e-02
   7.3373811931806021e-01   1.1504102726277281e-01   6.6962223253557085e-01   1.5618650368739426e-02
  -8.0188979301308205e-01   5.5753363727566108e-01  -2.1477663552539475e-01   1.6019698785028368e-02
   7.5652822198198877e-01   6.3868579785573087e-02  -6.5083473621261534e-01   1.4083235209299751e-02
  -2.2309615384125578e-01   7.8344822861705465e-01  -5.8003187776021237e-01   1.4537384258685539e-02
   8.8931999315405719e-01   4.2289802313501496e-01   1.7397474473314836e-01   1.8449843189693702e-02
  -1.5927840631412446e-01  -7.8690412544707003e-02  -9.8409258114040088e-01   1.6879681205869343e-02
  -6.8142358411183201e-01  -3.4321063631683141e-01   6.4642738040338354e-01   1.4399388383348621e-02
   2.8388471074287330e-01   1.1690046868014235e-01  -9.5170570631303786e-01   1.3728155128130155e-02
   1.0921143886000313e-01   9.9400666814355643e-01  -4.8585294352759510e-03   1.5984306722985574e-02
  -9.2182015339950485e-01   3.4701316254646125e-01  -1.7271210092525793e-01   1.7795825446505559e-02
  -2.0578170514538424e-01   7.6794124575674350e-01   6.0656420343854700e-01   1.6233633661541756e-02
  -8.0140926898959530e-01  -5.8276651575364524e-01  -1.3463421442530440e-01   1.5460863125989481e-02
   5.7092937735281168e-01  -6.4907527503691109e-01  -5.0273346159897603e-01   1.4652716403281557e-02
  -4.4813485957713484e-01   3.5025003304834995e-01   8.2249623827797014e-01   1.6310016982387342e-02
  -9.4290155605212489e-01  -3.3155294514168027e-01   3.1769484766984067e-02   1.4340073392518429e-02
   6.2970573602575608e-01  -7.7408173571479000e-01   6.5331098636398799e-02   1.3762641850453790e-02
   7.8468296877268662e-01   1.9818557617787208e-01   5.8736284859797494e-01   1.7540860611285059e-02
  -9.7724314964977660e-02  -4.1373210454156306e-01  -9.0513849986410089e-01   1.5728768665489588e-02
   9.9275903989680864e-02   5.3653828733180875e-01   8.3801608642918124e-01   1.4939498725942633e-02
   2.3355448826931702e-01  -9.1435693332110779e-01   3.3076230059799244e-01   1.5065506210928028e-02
  -9.7039412568001929e-02  -9.8751462149109848e-01   1.2408958356667121e-01   1.4660319742219680e-02
   9.3186893865181197e-01   2.2378793575517444e-01   2.8555076779161975e-01   1.4566737978708066e-02
   6.8628825557774675e-01   7.2440335864279948e-01   6.5178249770034044e-02   1.4431368255238200e-02
  -7.0471537812358863e-03  -7.5993884635654363e-01  -6.4995637347584267e-01   1.6478454826376134e-02
   2.1014160450779132e-01  -8.6334224441183230e-02   9.7385158404401151e-01   1.4840412687051198e-02
  -5.3056499295983239e-01   2.9985809880258025e-02   8.4711371105144917e-01   1.2786740767671287e-02
  -2.3504664038238032e-01  -1.5673061760245285e-01   9.5926460914124712e-01   1.5494901863734487e-02
  -3.3092546477707104e-02   5.4996315045145761e-01  -8.3453305297820779e-01   1.5433640942549873e-02
  -2.5356737954613856e-01   6.2351966146234705e-01  -7.3954500593269146e-01   1.6275271695702760e-02
   9.8978374697688143e-01  -4.3036587862609707e-02   1.3592640039943887e-01   1.3696011217901463e-02
   3.7031930080027675e-01   3.1725409658444398e-01  -8.7304836845113143e-01   1.5379471222410910e-02
  -4.2522369723380443e-01  -8.8785930577368855e-01   1.7575739091679024e-01   1.4599043254293717e-02
   5.2224757436189073e-01   6.2148670873452894e-01   5.8396210659549153e-01   1.7395121542180921e-02
  -9.2636013228052616e-01   1.7949194530190349e-01  -3.3111862963739219e-01   1.4823046492450717e-02
   1.1400665890341817e-01   5.4153062138391983e-01  -8.3291480226324788e-01   1.5583943719830053e-02
   5.6493749169868979e-01  -2.9601883521272643e-01   7.7020677721797126e-01   1.5199974242956677e-02
  -3.0790710117211445e-01  -8.7638786643269173e-01   3.7032084010671068e-01   1.4874590272511175e-02
  -8.6972222188293458e-01   2.1902494822764043e-01  -4.4227969523469085e-01   1.5670154393702177e-02
   8.8470678840315328e-02  -9.9588503417347152e-01  -1.9645297015755053e-02   1.5764672344404033e-02
  -1.9411779023548870e-01   9.0770586715928481e-01  -3.7200583629655826e-01   1.6657486942806415e-02
   9.9163534368784789e-01  -1.2372464131946746e-01   3.6763545523424354e-02   1.4559347878668466e-02
  -1.5938452192520855e-01  -5.0632185015920594e-01  -8.4748732039012320e-01   1.4963634955425733e-02
   1.6260099630995509e-01   9.7886019078397823e-01  -1.2407112031961237e-01   1.4502759905908220e-02
   4.0694015998990873e-01  -5.8737186101659422e-01   6.9956701113852571e-01   1.4523020513818515e-02
   7.2474347854868360e-01  -6.7855550460111924e-01   1.1962155941415498e-01   1.5204868645997200e-02
  -2.6712374317056276e-01   9.2610884408570293e-01  -2.6639691203313581e-01   1.3908964349366316e-02
   7.3163154031121214e-01   1.8068810815873526e-01  -6.5731810928336709e-01   1.3983045873226668e-02
  -2.4399737213505548e-02   7.1627942759496666e-01  -6.9738686138192962e-01   1.4713086097078235e-02
   7.6929313332675631e-01   5.4528319499508515e-01   3.3294791225093084e-01   1.3688257508133078e-02
   3.5335077487518618e-01   8.8234063119805306e-01   3.1083474778751280e-01   1.5255001348355024e-02
  -3.1358594976997267e-01  -3.5620653093250687e-01   8.8021631399781108e-01   1.5015913581955200e-02
  -7.7856400868820586e-01  -5.9027973742797102e-01   2.1309133243122982e-01   1.3882419932009334e-02
  -3.3730297175453439e-01   8.7189783213564453e-01  -3.5499419088588352e-01   1.4822308861843091e-02
  -3.3067161401004387e-02  -3.1657431543764925e-01  -9.4799117382076070e-01   1.3858296748106210e-02
   9.3804154747358159e-01   2.9700940867569336e-01   1.7850340717051691e-01   1.5168925558344801e-02
   2.6384692693427925e-01  -3.3921964224612861e-01   9.0294785755421425e-01   1.4233762699650395e-02
  -7.3891229703271366e-01   3.7279650419262239e-01  -5.6127656619139099e-01   1.5816823869112064e-02
   4.2857506936606565e-01   7.1676384366272183e-01  -5.5006636175620960e-01   1.3636088454991832e-02
  -8.2974051340364097e-01   3.3009300574006895e-01  -4.5007698005802182e-01   1.4221686874960955e-02
  -6.0466962810714897e-01   2.9310275102589317e-01  -7.4058451117061286e-01   1.8171052808056195e-02
  -2.9482285893894444e-01  -8.1868960537054491e-01   4.9277460558077529e-01   1.4673973430819035e-02
  -8.8027464813455469e-01  -1.7837080739181796e-01   4.3965941241144496e-01   1.3778605172083109e-02
   7.6711949519624345e-02  -5.8823106009233983e-01   8.0504626993952377e-01   1.3250830980865812e-02
  -4.2019749849696553e-01  -9.0689931989807926e-01   3.1107648983713595e-02   1.7758266667535268e-02
  -3.4060965193967419e-01  -9.3506649053562607e-01  -9.8161720048711876e-02   1.4476098170991887e-02
   2.0652435891705209e-01   5.9222199489261684e-01   7.7885865080854688e-01   1.4186795019903387e-02
  -7.3195806588806800e-01  -3.7378917623162922e-02  -6.8032360410228276e-01   1.2864638689902237e-02
  -1.1010709089042099e-01   5.4761604469917891e-01   8.2945349244166522e-01   1.6047942119078368e-02
  -7.9876414885380664e-01   2.5633194530950831e-01  -5.4430668590390929e-01   1.4453128121213479e-02
  -3.6750609373602014e-02  -6.5447984204016463e-01  -7.5518575799186660e-01   1.5148741041491762e-02
   8.7041632262773970e-03  -9.8183304286458173e-01   1.8954712733725784e-01   1.4346227574130921e-02
  -9.3261664286496168e-02  -9.1786356869277097e-01   3.8578326977862037e-01   1.4921737993645075e-02
   9.2050513096367681e-01  -3.7638947618302376e-01   1.0488692048207549e-01   1.7267297481431028e-02
  -2.3185633615658280e-01   9.7218606503660099e-01  -3.3119395113671811e-02   1.3707124555332455e-02
   3.5182889278035623e-01  -1.0404484052324182e-01  -9.3026399552247629e-01   1.2952874557731486e-02
   4.3984645461500904e-01   7.8575052155765812e-01  -4.3489218690897985e-01   1.7105910426810429e-02
   2.1806966139361655e-01   7.7016212744321089e-01  -5.9941297969915597e-01   1.3956547440968518e-02
   6.0820725856555069e-01  -2.7538070735713793e-01  -7.4447927885446197e-01   1.5755967333846925e-02
   5.5023686884653422e-01   4.4112680123420966e-01  -7.0897569309168562e-01   1.4344417986467524e-02
  -4.2137248653034615e-01   7.7858390489462803e-01   4.6502938685019257e-01   1.5841382391423409e-02
  -7.2219443786461401e-01   6.7136518460958883e-01  -1.6644513453852272e-01   1.6355782549099817e-02
  -5.7397623652378782e-01   4.2780918450449242e-02  -8.1775367496730023e-01   1.5029666255851086e-02
   4.5739732595478655e-01  -7.8249176754686248e-02  -8.8581304604675171e-01   1.6360843107314886e-02
   6.6834816895127269e-01  -4.5861290871959598e-01  -5.8564914839452520e-01   1.5453417570776094e-02
  -2.8326011619558150e-01  -4.8930046608991107e-01  -8.2483256510461644e-01   1.3686691133573145e-02
  -6.5775655245517972e-01  -3.8000411524175559e-01  -6.5034851433797169e-01   1.5932460156844578e-02
   3.4487227018001339e-02  -2.0570896860982116e-01  -9.7800534324005228e-01   1.5545144828949947e-02
  -4.1409077188192978e-01  -7.7274575381956118e-02  -9.0694954250044468e-01   1.3605786620233935e-02
  -9.3525297019521836e-01   1.3107735734433271e-01   3.2881698273150095e-01   1.4450664395216480e-02
   3.8108521759948449e-01   1.9387237616876143e-01  -9.0398426904777041e-01   1.5824512043568047e-02
   7.5248156948619027e-01   4.8927530309389694e-01   4.4088679427487415e-01   1.6373141951679202e-02
  -9.9920686591155516e-01  -1.2570534193421953e-02   3.7783869379662702e-02   1.3527790263703274e-02
   7.1750092150213129e-01   3.3621745032430067e-01   6.1004119020031655e-01   1.7871676090516535e-02
   7.0654904889006676e-01   5.6906373988405790e-01  -4.2066007828377444e-01   1.7027996262651897e-02
   3.0195372179404245e-01  -5.6927298452930486e-01   7.6469093036325730e-01   1.4517212247188513e-02
  -3.6719951248675892e-01  -5.5208392904139147e-01   7.4857721934594457e-01   1.6887220003215558e-02
   5.9273472255608384e-01   8.0538589760704338e-01   4.3708822975803609e-03   1.5548169002577557e-02
  -2.5077057423713034e-01  -6.7549696216969479e-01  -6.9341039305471452e-01   1.3784607782181338e-02
   9.9117039669005913e-01   1.3165094483634687e-01  -1.5788396022653056e-02   1.4775285650258764e-02
  -6.9584407869457277e-01  -7.1801444874958686e-01   1.6008420675633423e-02   1.5640027470404844e-02
   7.0034472037750828e-01  -6.1446233345317813e-01   3.6325378650005141e-01   1.6184943054084605e-02
   8.0387399749440092e-01  -3.9809163125915903e-01   4.4193851300129272e-01   1.4577227170827817e-02
   8.9947241733732941e-01   1.2538013926603123e-02  -4.3679762894974289e-01   1.4594610767779084e-02
   1.1662968153768009e-01   3.1522611055127392e-01   9.4182270975546944e-01   1.5217902705091529e-02
   9.6891745668865026e-01   6.6241730027089857e-02   2.3835057232365894e-01   1.7277019591168005e-02
   1.2138537488558225e-01  -9.2245650722145101e-01   3.6652364596119558e-01   1.2225081321272308e-02
  -9.0552975527286161e-01   4.1998512323671866e-01   6.0235857886391263e-02   1.4940589621266974e-02
   4.7471115836480886e-02  -4.9398087416482461e-01   8.6817589756949320e-01   1.5002514597129597e-02
  -7.9752909033196262e-01  -4.8425279717502695e-01  -3.5978685148631318e-01   1.3048702397221144e-02
   3.5529404554508809e-01  -3.1783536951264946e-01  -8.7906019082140352e-01   1.4534880295044642e-02
  -1.4017533799492529e-01   9.8897899476611728e-01   4.7659443234354691e-02   1.4182307687291975e-02
   4.0004750915509019e-01  -1.9781163371080549e-02   9.1628090452354982e-01   1.4531023374628350e-02
  -4.5139881372100432e-01   7.1908189032995951e-01  -5.2835626803394897e-01   1.4285956553165587e-02
   8.1952792129857355e-01   5.3056722766987285e-01  -2.1650035365962847e-01   1.4750908007562276e-02
  -1.2724426071879349e-01  -7.1234536964033945e-01  -6.9019777778988523e-01   1.5295201407362178e-02
  -8.7599043008276201e-01  -4.5820470438052902e-01  -1.5062939715397436e-01   1.7187579453597474e-02
   2.3123150370666193e-01   3.6371869955372504e-01   9.0235286849907170e-01   1.4736285443424462e-02
  -7.8629154844107985e-01  -3.1975036271875723e-01  -5.2868261404301187e-01   1.2720922576462490e-02
   2.9984239254990142e-01   9.3326560448464591e-01   1.9776210738121547e-01   1.7885487844835613e-02
   3.3837956433604710e-01  -9.4097535115692599e-01  -8.0410792090911710e-03   1.5748554474137488e-02
  -2.0652276359701846e-01   4.6302350704082368e-01  -8.6194987095762499e-01   1.4091208695450115e-02
  -2.2976825016334454e-01  -9.5046185516590920e-01  -2.0935332118562885e-01   1.7446478224623911e-02
   5.1774861786883031e-01   5.0299468267467540e-01   6.9204964987775164e-01   1.5678259404119974e-02
  -7.1642955801975239e-01  -1.3751498892413293e-02   6.9752389541422455e-01   1.3587700527021067e-02
   7.5934327933035817e-01   8.0297788539343442e-04   6.5068974124565182e-01   1.3282645488682146e-02
   2.0317269140060537e-01   8.4310464880328773e-01  -4.9789096058807825e-01   1.4118043419728218e-02
  -7.1845801993393177e-01  -6.8618787476536247e-01  -1.1386076636668815e-01   1.5585916827670604e-02
   4.5884610056752517e-01   7.8595244789063698e-02   8.8503279232496446e-01   1.5706138636205628e-02
  -7.2298386854398555e-01   2.0417370746051597e-01   6.6000562346619496e-01   1.4115786918004946e-02
  -8.2420703269645879e-01  -5.5761673521006905e-01   9.8723573007475168e-02   1.6372434362980921e-02
   6.4418278821004360e-01  -6.5841872687969571e-01  -3.8924711362841818e-01   1.6915557841176314e-02
   1.6472707985102056e-01  -8.0939769417584040e-01   5.6368462975904210e-01   1.5637453814979899e-02
   3.9247435622146304e-02   3.5655205408933283e-01  -9.3345073331256367e-01   1.5203274152656975e-02
   2.2239866272463768e-01  -9.4990144583728897e-01  -2.1960436702060571e-01   1.5742007999173222e-02
   2.3615487042577524e-01   8.1496687550276625e-01   5.2920683008389457e-01   1.4106962223491176e-02
   8.2799984836045304e-01   2.6230721075103430e-01  -4.9559174559619046e-01   1.5410248341200534e-02
   2.7466374175549740e-01  -8.4432151312492432e-01  -4.6008804748581306e-01   1.4521261338120843e-02
  -9.7016615004880236e-01   2.1322936268428130e-01   1.1537278790399366e-01   1.3323490345616090e-02
   4.0124405946628433e-01  -4.8503359171859195e-01   7.7701069468031081e-01   1.4526478160253334e-02
   7.4552841394508895e-01  -5.3747152472457482e-01  -3.9409611024566188e-01   1.5079665551989139e-02
  -9.8341004127220288e-01   1.8121707838729581e-01  -8.0660539160643304e-03   1.4766556906331973e-02
   4.0719131612987136e-01   9.0532225144145662e-01  -1.2077604527966303e-01   1.1703234509633452e-02
   2.6896210708603330e-01   7.3703932864064547e-01   6.2002613895608272e-01   1.5158416248015696e-02
   6.2143049027358055e-01   7.1071186477469794e-01   3.2971622803072459e-01   1.5647929057125781e-02
   1.9521973943812623e-01   6.8636511569020131e-01   7.0056561526903860e-01   1.3059574831605518e-02
  -4.0738045752602303e-01  -4.2428207943276769e-01   8.0871866548144833e-01   1.5470105613011596e-02
  -7.7096921615085234e-01   4.4196530684207025e-01  -4.5855548769558413e-01   1.4351711501262016e-02
   1.5346119756370877e-01  -8.7842609453510101e-01  -4.5256740634089204e-01   1.5355404719794432e-02
   6.6962883221072966e-01   1.1809010689566786e-01  -7.3324753918814078e-01   1.4159805244670851e-02
  -2.8868418973941007e-01   9.4633858626939271e-01  -1.4527463210122862e-01   1.6890775215006017e-02
   2.8628419934041749e-01  -8.1478129417342093e-01   5.0415553143162239e-01   1.4852829141043706e-02
  -8.5849203968231225e-01  -4.7394199975649715e-01   1.9588363553118870e-01   1.4019158595533650e-02
  -8.7526670296164300e-01  -2.9705532924563399e-01   3.8166258665662128e-01   1.6101465053277930e-02
  -6.4477410564360571e-01  -6.1885810033648969e-01  -4.4864351587802964e-01   1.5829814190517089e-02
   1.9109476743533868e-01   6.0627153884567397e-01  -7.7195700077435148e-01   1.2509463352703469e-02
  -3.9987218274374989e-03  -1.3535697583184331e-01   9.9078882680286851e-01   1.5639408544665188e-02
  -4.7907668429792954e-01   5.5159050161730905e-01  -6.8281289464074069e-01   1.3912967072542821e-02
   8.7897218968481861e-01  -2.2044989560190817e-01  -4.2285899930092891e-01   1.3474113405639509e-02
   8.2876489534115017e-01   5.5941933847874115e-01  -1.4097942622235710e-02   1.3378638087638695e-02
   8.8223405261636934e-01  -3.9920936193669543e-01  -2.4958958661409336e-01   1.5085572219021827e-02
  -9.5266170647250947e-01   3.0399112153609764e-01  -5.0070997704898717e-03   1.6844072199027210e-02
   6.6495260478176810e-01  -5.7315720456402575e-01   4.7888292123471393e-01   1.3693030790540231e-02
  -7.1477449723418400e-03   3.6228947381728860e-01   9.3203822180369966e-01   1.5163566619521151e-02
   4.3960202636821327e-01  -8.3405711320934006e-01   3.3331485163110069e-01   1.5194583485047699e-02
  -8.7161999087579739e-02   8.9162752705390624e-01   4.4430073026587802e-01   1.5364860076736124e-02
  -2.1194669712282616e-01  -2.7566604760586938e-01   9.3759630320094778e-01   1.4651454925688220e-02
   6.1144637915856492e-01  -7.6955939121710781e-01  -1.8415121178921076e-01   1.4214267481749952e-02
   9.2224357755957298e-01   1.2891485704682953e-01   3.6448284360545069e-01   1.5271736035061712e-02
  -8.7823593840181546e-01  -3.8348371767327322e-01   2.8573042326460096e-01   1.5655333741083910e-02
  -5.9278233718436735e-01  -4.8004280630215557e-01  -6.4665911022716605e-01   1.2811511198896133e-02
  -3.8160234679234017e-01  -5.1771182979530594e-01  -7.6573762491637742e-01   1.2861182695877759e-02
   1.4853890062840888e-01  -9.8138596050809612e-01  -1.2172835133076065e-01   1.3620826552378703e-02
  -6.7994227802166995e-01   7.0612788014136707e-01   1.9764087493674320e-01   1.3636856553449626e-02
  -1.8413017455519101e-01   2.4182027839565601e-01  -9.5269041759373352e-01   1.4925794791079156e-02
  -4.9437272468560439e-01   1.3256147388403319e-01  -8.5908268794605813e-01   1.2653294610073824e-02
   9.6905076111049826e-01  -1.5995417193114392e-01  -1.8803001162842634e-01   1.4391785330212899e-02
   7.4238622438380664e-01  -3.5855348776536533e-01  -5.6595237454793701e-01   1.4663153242785758e-02
   9.2201395847864664e-01   3.8182565543379682e-01  -6.4026785200320277e-02   1.6081844312510332e-02
   8.9268859621219165e-01   4.0982625626931823e-01  -1.8748202544505874e-01   1.4404265467854999e-02
   6.2139385485556944e-03   7.9224989818157388e-01  -6.1016512994352645e-01   1.0907102266352104e-02
   6.6998295244651007e-01  -5.6179901159461232e-01  -4.8528827927570434e-01   1.4746010794661691e-02
   1.3965168808432536e-02  -9.4662648891618162e-01   3.2202991249629959e-01   1.5112067520968601e-02
  -2.0530201804478060e-01  -9.2697054510779520e-01   3.1396924991039726e-01   1.4805919385476764e-02
   6.3087518655986030e-01  -1.5096161336902841e-01  -7.6105656180870129e-01   1.4464955355603560e-02
  -3.5116016622647683e-01  -3.9007967457852410e-01  -8.5118998181164340e-01   1.5581549164894865e-02
  -2.8769349072661204e-01  -2.8945564465607415e-01  -9.1293366964433587e-01   1.5628938242877997e-02
  -5.1088273576294152e-01  -7.2331568650575084e-01   4.6455704488694072e-01   1.4793383070461047e-02
  -2.9935647457615017e-01   9.3433005869027774e-01   1.9342451384755027e-01   1.2635034239462424e-02
  -4.1190499869755687e-01   8.3982325620867659e-01   3.5359746941829373e-01   1.4689526683307868e-02
   1.7051543692454052e-01   9.1170366453575324e-01  -3.7379260806296299e-01   1.4671241904000357e-02
  -5.0907905370585838e-01   8.2154223670492998e-01   2.5672333432668032e-01   1.4987793925633163e-02
  -9.5289777431805320e-02  -9.5996998636984110e-01   2.6339605841030378e-01   1.4604646629052264e-02
   2.5874779733918729e-01   3.8538013452578890e-01  -8.8573795745976913e-01   1.5368786483771296e-02
  -9.4296866026433934e-01   2.3332454405263020e-01   2.3742317263045140e-01   1.6643301134650967e-02
  -7.2646000218693829e-01   6.8622251811675261e-01  -3.6803815726861186e-02   1.4638131054340702e-02
   4.9669271212396249e-01   5.4037340182133775e-01  -6.7918549478546553e-01   1.2858711659259229e-02
   3.8027650352038550e-01  -6.8329490312360797e-01  -6.2329596199206150e-01   1.4627060231141412e-02
   3.4341398015246688e-01   1.3695639411645774e-01   9.2914465200336738e-01   1.6808810364858068e-02
   4.2422000641717431e-02  -7.5873335108105422e-01   6.5001851959684009e-01   1.4182677428542312e-02
   1.7009386560542442e-01   1.8650457563672412e-01  -9.6761775518536719e-01   1.6740051060814179e-02
  -1.8644062664130598e-01  -8.3659060639758520e-01  -5.1512721732103972e-01   1.4746814054708648e-02
   6.2099747420058349e-01  -7.1843234864157823e-01   3.1339607122911028e-01   1.4124191555920880e-02
   5.6930278075018792e-01  -6.2018388560393534e-01   5.3969092253558271e-01   1.3871892501906374e-02
  -6.8676282484477191e-01   6.5968318890443978e-01   3.0524565957290606e-01   1.4003575341846246e-02
  -5.3736932174908847e-01  -8.2452047500379055e-01  -1.7720101112140438e-01   1.4911252926245989e-02
   8.9109855754672695e-01   3.4822992508393802e-01   2.9099704468289261e-01   1.3631272225840438e-02
  -6.0941105027934006e-01   5.1876376736925611e-01   5.9958512778611173e-01   1.4794074743379005e-02
   5.3506934808826334e-01   1.5584600087710948e-01   8.3030886828156480e-01   1.1433768578913966e-02
  -9.5231600425916418e-01   5.7244681243462964e-02  -2.9969530276798462e-01   1.6470865304648391e-02
  -2.7469897356357464e-01   8.4453955013301429e-01  -4.5966664245325056e-01   1.5148014754197098e-02
   8.3191895701021090e-01   5.4467831889971519e-01   1.0600178247380090e-01   1.4553632149247465e-02
   9.2421292698573410e-01   1.1983168650584215e-01  -3.6258906837028038e-01   1.5334735525865747e-02
  -7.7195846791132516e-01   5.7495866841002685e-01   2.7111372787110671e-01   1.6079484396125429e-02
   3.1711005823823774e-01   6.4195346799689745e-01   6.9809523411272312e-01   1.5719054962549092e-02
  -9.7693357983821694e-01   1.2069352666486889e-01  -1.7616427902864612e-01   1.7220469080891525e-02
   9.9028399248794796e-01   8.5004710884352241e-02   1.1005368394378104e-01   1.4990416669627686e-02
   2.1988423793171516e-01   4.8276867779633753e-01   8.4769412269282884e-01   1.5370582151473163e-02
  -8.6711724132068024e-01  -6.4773416163281111e-02   4.9387457351330777e-01   1.6227131430421381e-02
  -4.6731869892411132e-01   2.1703517729309250e-02  -8.8382248837311750e-01   1.4635021113723258e-02
  -6.8318653858571754e-01   6.7264319376363166e-02  -7.2713937098337644e-01   1.7495769686090668e-02
   9.7752661384441530e-01  -2.0006816265775085e-01  -6.6441323862661841e-02   1.4720158950713127e-02
  -5.2568251733103130e-02  -6.9046749227258475e-01   7.2145077519158107e-01   1.6738435704193234e-02
  -1.6120304552047807e-01  -3.0030602981207466e-01  -9.4012226150295575e-01   1.5623864451366031e-02
  -5.1626665184370568e-01  -8.5536511369448587e-01  -4.2652860027309482e-02   1.6770386153309245e-02
   8.2070672293037461e-01   2.7708236369233902e-01   4.9966572692906586e-01   1.4039915437518147e-02
  -9.4059396347730417e-01  -3.2633067641016772e-01  -9.3761855270351163e-02   1.4218645965736687e-02
   8.7055516764592533e-01   1.3607664296901800e-01  -4.7288143051219234e-01   1.4999648117642289e-02
   4.0223597803745159e-01   5.1150443989848127e-01  -7.5932168804558442e-01   1.7572043798780041e-02
  -5.1894727416318642e-01   6.9437213533439179e-01   4.9853892958299234e-01   1.3158292772059313e-02
   7.3762961584906653e-02   8.9156495470075503e-01  -4.4684556285999327e-01   1.5218749824115724e-02
  -3.2103243357107059e-01  -9.3866568064245803e-01   1.2587659265910844e-01   1.4025891512151872e-02
   4.2646330980478836e-01  -1.9953224234415493e-01  -8.8222215436672102e-01   1.4806452311781720e-02
   7.1126335071526103e-01  -2.6037450980585242e-01  -6.5292385511073325e-01   1.7433972879516417e-02
  -1.9515405773061228e-01   8.5427365330593585e-01   4.8180018578100037e-01   1.3055706098306702e-02
   8.8619296128891056e-01   2.4803697165062130e-01   3.9133067354397383e-01   1.5400073745166266e-02
  -7.8997799485128306e-01   5.1244823970514064e-01  -3.3664754458312757e-01   1.4405656088113644e-02
   9.3450343328189123e-01   3.5052598069511931e-01   6.1926327535892098e-02   1.4401759379261570e-02
   3.9339021113433248e-01   8.8901192074594471e-01  -2.3431164408814906e-01   1.4506621392785496e-02
   9.4669581752852361e-01  -2.7682238187442781e-01   1.6473129018911056e-01   1.2605979548552446e-02
   2.6979673128029791e-01  -7.4896856245791521e-01   6.0519072715978617e-01   1.2134343135094540e-02
  -6.4544101706577706e-01  -5.3170240781679132e-02  -7.6195722910430719e-01   1.4547433091732313e-02
  -8.1674763390944183e-01  -1.6950073151396208e-01   5.5153676624460857e-01   1.5642899570291649e-02
  -4.9485972347846402e-01   2.4621101570612985e-01  -8.3336306003072513e-01   1.5145389558000035e-02
   4.8748228713274133e-01  -7.0715752303777568e-01   5.1214183322875440e-01   1.4427784434445201e-02
   7.7649170323108396e-01  -4.8681902789346247e-02  -6.2824414613595803e-01   1.4556900880898803e-02
   8.9154340353253614e-01   2.4167100645761330e-01  -3.8307373213963092e-01   1.3888979855218985e-02
   2.8255402960934151e-01  -4.3683055658170666e-01  -8.5401538931569598e-01   1.5721248266487509e-02
  -2.3487322116403539e-01  -3.5224881214928831e-02   9.7138755279415856e-01   1.4463643656140873e-02
   4.7864397441917522e-01   8.2139330285343726e-01  -3.1018218482004650e-01   1.5161747043195768e-02
   4.9032398796272086e-01  -6.0734166535395462e-01  -6.2507478620835322e-01   1.7317229550814561e-02
  -8.3630877961482630e-01   2.7703711156216482e-01   4.7311527554756921e-01   1.4658012786198858e-02
  -9.0507735470980968e-02  -8.0807326978517280e-01  -5.8208757114253362e-01   1.3573849257157567e-02
  -1.9713775174690101e-01  -8.7469659617840867e-01   4.4276694938769212e-01   1.5150726330523554e-02
   9.3485707935283624e-01  -1.8868728394213694e-01  -3.0073135862830169e-01   1.7114321579053886e-02
   8.8920319562674988e-01   4.1220252188973100e-02   4.5565180532579191e-01   1.5937755288216449e-02
   8.8701006079389877e-01  -1.9999850611333633e-01   4.1618955969946891e-01   1.4582408398080247e-02
  -7.1138515715510975e-01   2.8484811157812168e-01  -6.4248946412355878e-01   1.4233089244464073e-02
   1.7079830668260659e-01  -7.2554390203355268e-01   6.6664382143411549e-01   1.5745269854789239e-02
  -6.0177383703403886e-01  -2.8406963109951172e-01   7.4644001349627376e-01   1.5340533155054563e-02
  -4.3987968280829487e-02  -5.8016319830361862e-01   8.1331157742936433e-01   1.6830829997947640e-02
  -4.0033588795330716e-01   3.2405679614470279e-01  -8.5715714410431632e-01   1.3686711585973621e-02
  -9.6343947681455344e-01  -2.2681694692807933e-01  -1.4261292753998306e-01   1.3694713238224311e-02
   6.8903072666553855e-01   7.2166721147873369e-01  -6.6581480813123234e-02   1.5553207386968341e-02
   9.9246640901504890e-01   4.8170207140524335e-02  -1.1265015810380699e-01   1.4819259877183123e-02
  -8.8441172516048150e-01   1.5298878747142608e-01   4.4091986948501632e-01   1.6138603547748799e-02
   5.3926441406229475e-01  -8.3259920085901373e-01   1.2638220782602963e-01   1.5300788746803915e-02
  -4.5531406610410374e-01   8.9033088189800569e-01  -1.4814340116150581e-04   1.5852008220688694e-02
   1.8025370688933118e-01  -8.7222554569380639e-01   4.5467702668135401e-01   1.6628225236430864e-02
  -6.9467662032322164e-01  -2.3173186486948499e-01   6.8097337391444113e-01   1.1789422340351390e-02
  -9.5234716280381226e-01  -7.1625000054175714e-02  -2.9648733677303690e-01   1.5017568246515744e-02
  -2.7799878666663458e-01   1.4816033002668769e-01  -9.4908650354868185e-01   1.4478288148163732e-02
  -6.0303095787939265e-01  -7.5356553733079945e-01   2.6171099477554555e-01   1.1657948906302248e-02
  -7.6389113858240125e-03   9.3180779358768073e-01   3.6287171678445507e-01   1.2619690729434080e-02
  -5.4382380245598461e-01   4.3344485027724666e-01  -7.1859671141082282e-01   1.4440879452656607e-02
   7.1473362868157386e-01  -1.3517153299763912e-01  -6.8621024234467543e-01   1.2442636659249332e-02
  -7.6276112185094269e-01   6.2894286294034341e-01   1.5042056424935998e-01   1.5874748318861091e-02
  -6.6108972760782347e-01  -6.8298247757896802e-01  -3.1063693819555410e-01   1.4229692667574187e-02
   2.3553004552967896e-01   9.7144339740690222e-01  -2.8693610566168311e-02   1.4755248279703008e-02
   4.6315129980010433e-01  -8.5792508430402403e-01  -2.2238575317543896e-01   1.7883218278184586e-02
   9.6420899209741451e-01  -6.8870038619439994e-02   2.5604284278035372e-01   1.4901407532888201e-02
  -7.9598088935922062e-01   5.9815171974571257e-01  -9.2892109138238879e-02   1.4350553570860682e-02
   4.6734218655677445e-01   8.2521618851804235e-01   3.1719004220197022e-01   1.3444936047498761e-02
  -1.1673739704688713e-01  -7.7424546545528064e-02   9.9014030304949041e-01   1.4765721133802045e-02
   8.1594390923870275e-01  -1.9456238637971537e-01   5.4440886728863458e-01   1.5177809164998331e-02
   7.6883016059229992e-01   3.8635899041165361e-01   5.0953597978131637e-01   1.2691613783473029e-02
  -6.4254740041244679e-02  -9.2703409151423610e-01  -3.6943080753045882e-01   1.1456355047001128e-02
   5.1220621413893208e-01  -5.1929246757788983e-01   6.8409073032334577e-01   1.6244317247662701e-02
  -6.2075235968326681e-01   7.6587575624478943e-01  -1.6763303357073769e-01   1.6064560302700544e-02
   3.2972254989755106e-01   7.0442010373296127e-01  -6.2855020288430508e-01   1.6602403178448633e-02
   4.2372071888359808e-01   5.7918410934174758e-01   6.9642409484076118e-01   1.4772338484678588e-02
  -5.9461887387276136e-01   7.8966136011647647e-01   1.5120625375058247e-01   1.6421688109290695e-02
  -5.1722691955909306e-01   7.6869591917484803e-01   3.7627502910417410e-01   1.5498680013905967e-02
  -9.6455590657388723e-01  -2.3824353090972855e-01   1.1345449780899722e-01   1.4416637015962070e-02
  -6.7560951411133752e-01  -5.9846187853992860e-01   4.3057538756494457e-01   1.2013918181788383e-02
   1.8714605614772264e-01  -6.2908645720079759e-01   7.5447106176108736e-01   1.5170461263931359e-02
   3.4307824546610705e-01  -8.9688227037568979e-01   2.7910483796173380e-01   1.4624329791354534e-02
   3.4262637051771871e-01  -9.0873795757885245e-01  -2.3833273942383704e-01   1.4552765183218276e-02
   5.8878281776983799e-01  -4.2079121701864103e-01   6.9012284788940348e-01   1.4676153919500149e-02
   9.9292725119877601e-01  -7.6517828499258561e-02  -9.0777176363890835e-02   1.3760978952823206e-02
  -8.1314025154067726e-01  -4.9480856481593771e-01   3.0654105028389950e-01   1.6045977842105555e-02
  -2.8239730208298008e-01   7.0268414221634201e-01  -6.5305953790901616e-01   1.3637527091479425e-02
  -3.5299409274057575e-01  -7.1634055416341946e-01  -6.0187322664420184e-01   1.5497731180387400e-02
  -9.6501156135396249e-01  -1.3973392344460325e-01   2.2187184835387547e-01   1.7315070609248216e-02
   9.2537162298410036e-01  -1.0742002659989408e-01   3.6352207259126629e-01   1.4614262943078762e-02
  -7.6083545978368838e-01   2.9850164324525258e-01   5.7621712237283229e-01   1.6005101704921185e-02
  -4.1046065193628622e-01  -8.0681518504186545e-01   4.2493683106774732e-01   1.5545649690917724e-02
  -3.9118589386163122e-01  -7.4997259074888833e-01   5.3339920282006159e-01   1.5022012909689443e-02
  -8.6265491034543385e-01  -4.1055607757803969e-01  -2.9541532258947933e-01   1.4694131733894627e-02
  -4.1675410133280749e-01  -8.5499131596618505e-01   3.0871648586477407e-01   1.4064318370025848e-02
  -6.7683582007741860e-01   1.9027154499655727e-01  -7.1111884507777701e-01   1.1841870101612658e-02
  -8.8353855882442475e-02   9.5651808404687455e-01   2.7796897496303580e-01   1.4470570064514196e-02
  -6.0743048159610802e-01   6.0345687807537096e-01   5.1659268900309374e-01   1.5158961056637658e-02
   7.1619724844064403e-01   6.4007094006518928e-01   2.7815587897816463e-01   1.3897114885602574e-02
  -3.3351755939518252e-01  -2.3538132058338121e-01   9.1288645049398365e-01   1.4794353332611506e-02
   5.5570142193930983e-01   7.9772538794703818e-01   2.3415835470761392e-01   1.6347524207927802e-02
   1.3296846031369314e-01   7.6365783406826415e-01   6.3178010496372339e-01   1.6554555912204606e-02
   9.1009352827226531e-01  -3.9159792417490619e-01  -1.3557594026538711e-01   1.3171731628961684e-02
   2.8871058041809938e-01  -6.2585900588833920e-01  -7.2453205967928291e-01   1.4152869095735068e-02
  -3.1942579758138284e-01   4.1396195010705428e-01  -8.5240991530076782e-01   1.5985678518339458e-02
   1.8700122576462880e-01   9.7679741419273469e-01   1.0439038839334575e-01   1.4198172298575317e-02
  -2.0346024696425727e-01  -9.6162470741533801e-01   1.8407023114455276e-01   1.5233320048377116e-02
   4.4520393948161485e-01  -8.7233174050444107e-01   2.0206629302915199e-01   1.4940971191404653e-02
  -3.3420893033732357e-01   4.0863925718459465e-01   8.4930462636818649e-01   1.5389830101470662e-02
   9.4572733372647999e-01  -2.4147072888665976e-02  -3.2406284747485731e-01   1.5117216553973967e-02
  -1.4602340494059529e-01  -6.1131375241006425e-01  -7.7779988514005427e-01   1.5098840451797711e-02
  -4.9684019132521812e-01   3.5476552569469755e-01  -7.9201720061024283e-01   1.2732379247310776e-02
  -1.5910448225261298e-01  -5.1488056617912048e-01   8.4236795184657653e-01   1.5754890586283717e-02
   6.6097449718110901e-01  -3.1568949927453477e-01   6.8077371726879532e-01   1.5352498573595766e-02
   2.1218867420822313e-01  -9.7689244071132353e-01  -2.5634465448487579e-02   1.5032946390304235e-02
  -6.9184838607554167e-01  -6.8301659810698534e-01   2.3416690072473759e-01   1.5426375929754101e-02
  -9.7161057410417828e-01   1.0319173878761995e-01   2.1289517921957868e-01   1.4994384917755975e-02
  -9.9510743506493149e-01  -7.7370032066113800e-02  -6.1441604931687571e-02   1.6002668705379811e-02
  -5.2008704535957961e-01  -8.4784511838040333e-01   1.0328659393969032e-01   1.4667326711097672e-02
   5.2097117304887586e-01  -7.6131147975041236e-01   3.8599723788171841e-01   1.5574756229488054e-02
   7.1529938037989238e-02   6.4314087002961118e-01  -7.6239969127868634e-01   1.7531007079500841e-02
   5.4039895990328068e-01  -8.0247436650021386e-01   2.5298983229674044e-01   1.4637699219476909e-02
   5.5668360697567831e-01  -7.7724978786608900e-01  -2.9323391513716202e-01   1.5255375482395148e-02
   4.5356002559301389e-02  -8.3459971281185996e-01  -5.4898647743473750e-01   1.6826394530684123e-02
  -1.1172528019901586e-01   4.9231608230258163e-02   9.9251887161681407e-01   1.6317348885909629e-02
  -8.8978601904696542e-01  -4.4901223947972757e-01   8.1663021655782667e-02   1.4328749079880652e-02
   3.1999141539955284e-01  -1.0989398001239360e-01   9.4102540200975793e-01   1.3646192867289447e-02
  -5.9333840826553619e-01   1.6637513312334845e-01  -7.8757148777435315e-01   1.4757897675086062e-02
  -5.3196921389593765e-01  -2.9811377367301950e-01  -7.9255090272699191e-01   1.5595789891943903e-02
  -1.7200675361215856e-01   9.6445517712858730e-01  -2.0059882357997869e-01   1.5282274373484894e-02
   9.6616625904463715e-01  -2.5401280612062177e-01   4.4724201618568452e-02   1.5276525883678841e-02
   1.8167256585248745e-01  -6.6105356470437759e-01  -7.2801323024256148e-01   1.5608315017151856e-02
  -8.5779085899360641e-01  -2.5639530221175061e-01  -4.4548433331684756e-01   1.5202912207816853e-02
  -9.1244835239134314e-01   4.0460670986475250e-01  -6.1085305522221543e-02   1.3060349743206997e-02
  -5.8809867289532880e-01  -6.3156121852851888e-01   5.0524289029092273e-01   1.5404047081747550e-02
   2.1198718448648660e-01   6.9115681028795928e-01  -6.9091511577477172e-01   1.4300603294300421e-02
  -4.9070188417297667e-01  -6.5941700063364495e-01   5.6954444966518469e-01   1.4626706573872611e-02
  -9.1688581091363808e-01  -3.3441575136819485e-01  -2.1791400822821366e-01   1.6168041195841497e-02
   4.0427692405481724e-01   9.0907326516518094e-01   1.0072719215133584e-01   1.3654933901862306e-02
   3.0573794873331933e-01  -6.6430000154132207e-01   6.8207757231603927e-01   1.6201251278626327e-02
   8.0567860790690149e-01  -5.1857612474262405e-01  -2.8628793828612409e-01   1.4125799007855454e-02
  -1.8331300676379375e-01  -8.0901794641002522e-01   5.5846781817551761e-01   1.5808087086375183e-02
   8.0160234801534958e-01  -5.7693066010997185e-01   1.5679505439059743e-01   1.5813588888097432e-02
   7.4921933759717074e-01  -4.5300880519833159e-01  -4.8317016317570444e-01   1.5093210287961029e-02
   3.4815306744264911e-02   8.8577036861952230e-01   4.6281610656062788e-01   1.6355580887689077e-02
  -4.0581436590096465e-01   8.8555951160280622e-01   2.2605099388898403e-01   1.5474216068934683e-02
  -1.8479719044065446e-01   9.1814032942446233e-01   3.5052579632543496e-01   1.7748863088780500e-02
  -6.2232943033406526e-02   9.8698291839449548e-01   1.4829625618634332e-01   1.6292879673362650e-02
   8.4262335473107186e-01  -5.3637240164954869e-01  -4.7859469391642498e-02   1.7126725175997278e-02
   6.9224962323328421e-01   4.7995405082264808e-01  -5.3891981614365125e-01   1.4542707388948022e-02
  -3.8863790761816180e-01   1.8523681427405500e-01  -9.0257847271014413e-01   1.6928094281544018e-02
   3.5405789733220733e-01   7.7117252697319849e-01   5.2908972677464405e-01   1.5630243830837158e-02
   7.5851867586023447e-01   6.5157352835694093e-01   1.0067547651898125e-02   1.4237003487928293e-02
  -8.6238074043797952e-01   8.4471999632230680e-03  -5.0618978983620699e-01   1.5354818599435402e-02
   8.6456933148077331e-01   4.9126857451349137e-01  -1.0571215047652154e-01   1.4436147151430954e-02
  -4.2844686616227701e-01   4.5960233701981373e-01  -7.7794535456010627e-01   1.8015592354508014e-02
  -9.6568872030618991e-01   2.3484821537718059e-01  -1.1086753901637207e-01   1.3830839315527629e-02
   5.3301441862462351e-01  -3.9272736991685198e-01  -7.4944035283433108e-01   1.5606940987426378e-02
   9.1114500357473960e-01  -1.0600373224694797e-01  -3.9821852193300228e-01   1.4400879037234797e-02
   5.8545682781620101e-01   2.0622922542223879e-01  -7.8403431643336552e-01   1.5572457942501436e-02
  -3.1673762896741980e-01  -9.1618955032891214e-01   2.4550760123507948e-01   1.5630419965486430e-02
  -1.1618604797478235e-01   9.8990808957741705e-01  -8.1134311146332905e-02   1.6690227106076844e-02
   6.6454448129987520e-01   7.1844507100681265e-01   2.0546851904828570e-01   1.5418895367717593e-02
   8.8660954268339898e-01   4.6109101658711404e-01   3.6312439265295794e-02   1.4789174069352890e-02
   5.3005072569459688e-01   6.9375780695686962e-01  -4.8759238455602039e-01   1.4863674799995726e-02
  -2.2133044308474056e-01   2.2160715444921333e-01   9.4968579228123384e-01   1.5353504177311163e-02
   7.0471013312234276e-01   2.2826077304814291e-01   6.7177425357195264e-01   1.0023387319755267e-02
   8.4245068767189424e-01   3.5269826590993358e-01  -4.0728463273892163e-01   1.5625931160220988e-02
  -1.5127645390307368e-01  -6.3161240610830649e-01   7.6038227421776927e-01   1.3964898621815405e-02
   4.3040743718339419e-01   4.6851088263478907e-01   7.7152251481728873e-01   1.4622625354097618e-02
   6.2819767514596392e-02   9.7456032444801610e-01  -2.1514146699599698e-01   1.5474231553627218e-02
   9.8931928002774921e-02  -6.8964680555345700e-02   9.9270153946569106e-01   1.3267901502398207e-02
   4.6614248248009421e-01   3.9121099033469420e-01  -7.9351442776337910e-01   1.6041537901423902e-02
  -4.3008049336195953e-01  -2.9765580509728207e-01   8.5230968017582809e-01   1.5312000515180014e-02
  -1.0220595481157111e-02   4.8474717084140206e-01   8.7459460311007353e-01   1.5347835119780813e-02
   2.3826457008573459e-01   9.1529747832839414e-01   3.2474685650140311e-01   1.3552428218889195e-02
  -8.1480537965086375e-01   1.8169212362823867e-01   5.5052717054063072e-01   1.4328781461628229e-02
  -9.1149334691950568e-01   3.2194829475927805e-02   4.1005288863327566e-01   1.4682024901895283e-02
  -5.5410014560536835e-01  -5.7861924181459246e-01  -5.9847539769151381e-01   1.3986074310994034e-02
  -1.8926497513865465e-01   3.5588603041956385e-01  -9.1516332014453561e-01   1.3899495056104768e-02
  -2.1240417597670430e-01   5.9148126099709630e-01   7.7783956181010883e-01   1.0544317380704573e-02
  -9.1406859488935988e-01  -2.9502298644379636e-02  -4.0448512730592356e-01   1.4815930428859682e-02
   2.8220449030495709e-01  -4.2678790086497108e-03  -9.5934478205725748e-01   1.6112879432891344e-02
   3.8108887791568224e-01  -7.2027058021294343e-01   5.7963916224550949e-01   1.6747916970862194e-02
  -1.1302600547327281e-01  -9.5749382755739210e-01  -2.6538781486016011e-01   1.4844127528540941e-02
   7.0334758563518929e-01  -1.0039682520466363e-01   7.0372057755189610e-01   1.5592411168523062e-02
  -5.1895639044080122e-01  -7.7913430657257310e-01   3.5161626404694429e-01   1.5364390718867171e-02
  -1.6828439358756733e-01  -7.2724680766286875e-01   6.6542651256095220e-01   1.5983956839107541e-02
  -8.5923299300708988e-01   5.1122792486502311e-01  -1.9096401919753234e-02   1.5488200485815158e-02
   3.7777529483912255e-02  -8.9360311553144156e-01   4.4726539121487285e-01   1.5229967432629377e-02
  -6.5296060812921919e-01  -4.4922288740644672e-01   6.0978786611553293e-01   1.2030532215180082e-02
  -9.2664652083199284e-01  -7.9310673601957621e-02   3.6747250575079332e-01   1.4147755000015964e-02
   4.0819769813506734e-01  -7.8741828689989302e-01   4.6189509706519977e-01   1.5311362357555737e-02
  -2.9915579143358234e-01  -8.9964970935907262e-01  -3.1801920209616735e-01   1.4299146186720331e-02
   3.2091308027929799e-01   5.3865786714545250e-01   7.7901379773914459e-01   1.4964886185414040e-02
   6.8986931606976887e-01   4.6135613346455734e-01   5.5788067259949314e-01   1.5191788989751803e-02
  -7.7051552704432391e-01   9.3670179828240066e-02   6.3050116573607773e-01   1.5886357785582530e-02
   2.5700888323222865e-01   5.0815842155316981e-01  -8.2202278103731008e-01   1.7344893912896092e-02
   6.3862342773034875e-01   5.7493667961308137e-01   5.1147622817627125e-01   1.5398317932641762e-02
  -5.4412930804052639e-01   8.3490866846742595e-01  -8.2769628785488755e-02   1.4353446177550829e-02
  -9.0015790410009822e-01   3.0372210742778843e-01  -3.1219966230881996e-01   1.6891818180708344e-02
   5.3078876416116583e-01   3.8096192385267191e-01   7.5705435763539020e-01   1.4285587736149453e-02
  -5.4076229393298482e-03   6.0845616363263955e-01   7.9356906098435853e-01   1.4273344238521328e-02
   6.7429695154611979e-01  -2.2643480303358526e-02  -7.3811306311117486e-01   1.8391436528365970e-02
   9.6477908771345433e-01   2.5941469698781355e-01  -4.3650050372432400e-02   1.4869468448378477e-02
  -5.7123880605705812e-01   1.3041013354658013e-01   8.1035758990884388e-01   1.5168104495218833e-02
   8.8866257073986576e-01  -3.1241021389972989e-01  -3.3567647164664072e-01   1.5572583047078377e-02
  -3.7915880926925766e-01   6.4126929078540540e-01   6.6709241792206109e-01   1.4532230167018616e-02
   2.4118266872308752e-01  -9.4923822890609977e-01   2.0193490310201528e-01   1.5125837017747439e-02
  -7.1088179331509371e-01   5.5801462835078830e-01  -4.2809666020613601e-01   1.6721833293443806e-02
   5.4073839364872966e-01  -1.7423441371583359e-01   8.2294857598229743e-01   1.5623747196588258e-02
   6.0569512049927576e-01   7.8591923211250814e-01   1.2435586676571875e-01   1.2264696388985658e-02
   6.8110430305558045e-01   7.0703819606325413e-01  -1.9024699121613317e-01   1.4178322302857651e-02
  -3.9079657601380735e-01   8.0449664019342448e-01  -4.4728424082833085e-01   1.4864284880892547e-02
   2.7179399308823043e-01   2.4835717571324081e-01  -9.2975627913604186e-01   1.4037498396468350e-02
   2.8869704331336531e-02  -4.2260309509092892e-01  -9.0585493551196627e-01   1.4491104170124612e-02
   4.7321063222516951e-01   7.1467089196032674e-01   5.1508952011634479e-01   1.5304216369992850e-02
   9.7553879777638297e-01   1.6570045936001429e-01  -1.4445557033527506e-01   1.5375678761677759e-02
   4.6711650120536924e-01  -4.9874038391037512e-01  -7.3010972035618460e-01   1.4674857256044968e-02
   8.5297461572747457e-01  -1.1783440476109293e-01  -5.0847749014009047e-01   1.6899492604316071e-02
   8.0715457213294683e-01   1.6030259460694912e-01  -5.6815893449558619e-01   1.4190591022468323e-02
  -2.1921121721482661e-01  -7.5745369813055718e-01  -6.1498807910034869e-01   1.6177442483064030e-02
   4.8464283212332154e-01   8.7430240589038266e-01  -2.6769914564201764e-02   1.7612012337086112e-02
   7.7690788224328255e-01   5.3485124362945458e-01  -3.3218713053982607e-01   1.3774433497312041e-02
   2.8464687929333821e-01   1.9852282957488594e-02   9.5842685739180933e-01   1.6095723500439217e-02
  -8.3728792427575505e-01   5.3082792368955534e-01   1.3103681655715335e-01   1.6515684059350191e-02
  -7.9731663525530738e-01  -3.5474362877400696e-02   6.0251784431964961e-01   1.4013897847221964e-02
   4.6469665990623615e-01  -8.1546208816210208e-01  -3.4507766813036750e-01   1.2659093422497644e-02
  -7.0529242798978353e-01  -1.6084509062701932e-01  -6.9042845236958628e-01   1.7458681312625984e-02
  -3.2926146412692792e-01   5.5592880531492705e-01   7.6323656336820611e-01   1.8141821462488522e-02
  -9.9621176727871652e-01   6.1725431506010779e-02  -6.1254272020920660e-02   1.5547951362206837e-02
   5.0266946216633801e-01   8.4800785944949286e-01  -1.6794666450184034e-01   1.5707005164941105e-02
  -7.0528430559444036e-02  -7.8983560236351968e-01   6.0924991729328759e-01   1.4054559955403098e-02
   3.6215238706208397e-01   9.3187393972519861e-01  -2.1368411411976956e-02   1.4946509698641168e-02
  -6.9916917362959380e-02   6.3729399389590324e-01  -7.6744249948166776e-01   1.3365467806223497e-02
   1.7517511161368463e-01   9.5269877123213786e-01  -2.4835203152764368e-01   1.3796404820307124e-02
  -1.8911745737136806e-01  -3.9536806107126893e-01   8.9884296937904240e-01   1.5428761232255452e-02
   4.6382312813858240e-01  -2.7688427847693314e-01   8.4154809852797374e-01   1.4379599110940670e-02
   1.3050211436851780e-01   4.9354002806267373e-02   9.9021885487620631e-01   1.7826829839081338e-02
  -7.7011299359334207e-02  -9.9648397426622815e-01  -3.2999224257100189e-02   1.7793427606635149e-02
   7.8348433376738180e-01  -1.6419043746540060e-01  -5.9932778926560903e-01   1.2600382217427035e-02
  -3.8230708762142124e-01  -8.3209450028541043e-01  -4.0182089710367214e-01   1.4781273265018631e-02
  -8.1262588540898872e-01  -3.8896509827098585e-01  -4.3398769877762594e-01   1.7210089825548572e-02
  -3.7920281891550132e-02  -5.3713770539055739e-01  -8.4264176117080269e-01   1.6917639352874537e-02
   4.3756556571073313e-01   8.7365857747671916e-01   2.1273708117204562e-01   1.4832448407715708e-02
  -8.6382031820556626e-01   4.3480990277126463e-01  -2.5446965694808771e-01   1.4349555093733197e-02
   1.2743024549974238e-01  -7.6368375143333111e-01  -6.3288913747084452e-01   1.5106383831449790e-02
  -6.8497815633059356e-01   4.8407218305465505e-01  -5.4449889526301276e-01   1.4098083956747987e-02
   8.2621877679931921e-01  -4.2794829678214791e-01  -3.6636428339222060e-01   1.4750085396296445e-02
   1.1857692692647749e-02  -9.5876477123557780e-01  -2.8395335631331559e-01   1.6024781554358665e-02
  -6.3010535611984697e-01  -7.6321235507411789e-01   1.4308787947027368e-01   1.7608038800883290e-02
   8.6676303825492074e-01  -4.9221908158580119e-01   8.0263386658733893e-02   1.4088625482985248e-02
  -8.4946296084395634e-01  -5.2682847966608048e-01  -2.9401210297285207e-02   1.4490046222862339e-02
  -3.7372576704228422e-01   9.2301266525648529e-01   9.1524154324286747e-02   1.4838826070796713e-02
   4.3273969089805076e-01  -8.9900129566128295e-01   6.7327782681401147e-02   1.4825720550188746e-02
  -4.8846538171018972e-01   8.6263954572297452e-01   1.3135670909998776e-01   1.4733985628866974e-02
   4.3344773288886973e-01   2.1278082855490779e-01   8.7569822533392516e-01   1.5786527883687784e-02
   2.0476294432673567e-01  -5.4699852136954008e-01  -8.1170484429389900e-01   1.6862722939225163e-02
  -7.2936026737697257e-01  -5.1238441730880857e-01  -4.5331645598952608e-01   1.3454790005927076e-02
   2.8679525086550296e-02   4.6576146767242887e-01  -8.8444544211185516e-01   1.2410417248106894e-02
  -6.2077164346459146e-01  -6.9087649838854381e-01   3.7058363515494663e-01   1.7872405972558590e-02
  -9.0572525023245276e-01  -4.2212611564529806e-01  -3.8357705634892630e-02   1.3068484895532218e-02
  -7.4104187493159879e-01  -6.6155341136747503e-01   1.1490876165861902e-01   1.4855002928254033e-02
   7.7126374397467501e-01  -6.3187841568002312e-01  -7.6693578791650160e-02   1.1670367606381628e-02
   6.6518705539297940e-01   3.8923207378008717e-01  -6.3720057601862712e-01   1.7701687927913108e-02
   5.3030045844197837e-01  -8.3887515290602166e-01  -1.2275952758595271e-01   1.2714585954726300e-02
   4.0900276020097420e-01  -4.1064937702905363e-01  -8.1491338882953357e-01   1.5150803349161050e-02
   2.9737562865675565e-01   9.5184815382100862e-01   7.4517296975514027e-02   1.2835346322696959e-02
   4.6322152137814193e-01  -7.1305672430993983e-01  -5.2628502738392435e-01   1.5383415518409523e-02
   9.4405934815047787e-01   2.8660292103145851e-01  -1.6312790327203466e-01   1.4229153410071662e-02
  -5.8485279227259424e-01  -4.0975927857872430e-01   7.0003181712661688e-01   1.5170890827325681e-02
  -8.1755218528085960e-01  -4.0155339373862881e-01   4.1275088893845013e-01   1.3949815213600170e-02
  -6.0546042742450545e-01   6.7921087595979490e-01   4.1483762703118349e-01   1.6097836447548121e-02
   8.3642222277708278e-01   2.0842077275393042e-02  -5.4768921210800803e-01   1.7121826927717115e-02
  -5.4412675402804711e-01  -9.1429641522008248e-02   8.3400641256650909e-01   1.4175326727015575e-02
  -4.7921624122885181e-01  -5.3134866520968849e-01  -6.9858456189810936e-01   1.8116857862837725e-02
  -5.4004121444219333e-01  -7.9699907560333780e-02  -8.3785643844197755e-01   1.4599772066682171e-02
  -5.1534498495470882e-01  -8.2600527193402773e-01   2.2833054377201514e-01   1.5154755703631128e-02
   5.2692404689409833e-01   7.5465358954280182e-01   3.9095908813443703e-01   1.5113661052784838e-02
   4.8002353878009113e-01   2.6148687526757403e-01  -8.3737806054364627e-01   1.4281310415267829e-02
  -5.4362823226109980e-01  -6.6673446921736468e-01  -5.0983673136221819e-01   1.5663393744551179e-02
  -1.2239087514560699e-01  -9.8153150717643567e-01  -1.4702507983690072e-01   1.2675428632270197e-02
   2.2151211519966241e-03  -9.9003859600617605e-01  -1.4077880400259646e-01   1.7789345912901853e-02
  -1.6476083741492256e-01   1.1908358236626132e-01  -9.7911846416312220e-01   1.3138554473370253e-02
  -6.2047080908526442e-01   4.1916488778427341e-01   6.6280975545164911e-01   1.1919826533161161e-02
  -4.2524138533604555e-01   8.9616337591662298e-01  -1.2673187390393356e-01   1.3737309537154022e-02
   5.3949672227151946e-01   2.6621880960223920e-01   7.9879336005768964e-01   1.4388439389016097e-02
  -8.6325073526878959e-01  -1.2203545002256493e-01  -4.8980150775154219e-01   1.4679834646705364e-02
  -7.3798388327791431e-01  -6.3473030937166719e-01  -2.2912272341912648e-01   1.4455549586593265e-02
   6.5152447889075571e-01  -7.0749605530960114e-01  -2.7379770840436751e-01   1.3044904680103908e-02
  -9.4682588275249524e-01   2.2923803671789025e-01  -2.2576684936386290e-01   1.2344869201524087e-02
  -1.1509585647890534e-01   4.2719213367037762e-01   8.9680534384644328e-01   1.3875951593757766e-02
   8.3365240770094029e-01   3.7467931110813507e-01   4.0575741146891992e-01   1.6721627734821092e-02
  -1.9321634823375389e-01  -9.7956232372407115e-01   5.5902564480628539e-02   1.5362697223101345e-02
   4.1931951712012910e-01   8.0180037294810769e-01   4.2577846881026898e-01   1.3764043342352126e-02
  -7.4087171889985060e-01  -1.2657637584196954e-01   6.5961164120495419e-01   1.6253244928811410e-02
   4.1525949123657230e-02  -8.3138382437645131e-01   5.5414486563945109e-01   1.5763387723831773e-02
   8.2783777741200948e-01   4.2599958430464380e-02   5.5934770745151619e-01   1.6371913760965456e-02
   8.6508691343058552e-02  -5.1237073734423422e-01  -8.5439597016572899e-01   1.3128081175339935e-02
   8.4689655848583600e-01   4.3469895247364920e-01  -3.0627281946519358e-01   1.4942753441462066e-02
  -7.6040812328662666e-01  -2.7393334512449907e-01   5.8884633688986510e-01   1.5110384678982135e-02
  -5.4279281708001795e-02   9.7900784161098453e-01  -1.9646222446430964e-01   1.2453291459454873e-02
   2.3552169371764833e-01   2.4383189825069224e-01   9.4078453281494501e-01   1.6405519048619623e-02
   4.7673403925613816e-01  -6.2718021931342216e-01   6.1592988912415547e-01   1.5036789661441499e-02
   1.8594472975904019e-01  -5.2713647515626716e-01   8.2918736967868956e-01   1.4866683954087421e-02
   5.9171186766921591e-01  -5.5943460035399639e-01  -5.8043948313857208e-01   1.3304183094738652e-02
   8.2436289403932028e-01  -3.4016634745422891e-01  -4.5245184825654672e-01   1.5692045670470577e-02
   4.3282140967357441e-02   2.4328830170109214e-01  -9.6898785262183762e-01   1.3747138472527419e-02
  -9.8822887375760393e-01  -1.2305536165880922e-01   9.0890434253541846e-02   1.4928838433620679e-02
   1.0949010345518244e-01   8.3483308810548906e-01   5.3950498816009673e-01   1.2807603611109459e-02
  -4.4894210661201012e-01   1.1673670192707779e-01   8.8590266244884897e-01   1.7114899137770642e-02
   8.0876141867653462e-01  -2.5218145939880415e-01  -5.3132803351207469e-01   1.5114323704499059e-02
   9.3957536678610165e-01  -2.7721761837923498e-01  -2.0086941576284723e-01   1.5915412733329904e-02
  -5.8750566577844199e-01   5.0865557117191207e-01  -6.2937000452357550e-01   1.5520852311539905e-02
   1.2558551200394338e-01  -9.3175817541002037e-01  -3.4066843371715144e-01   1.4522000631015089e-02
   6.4098530414532251e-01  -2.0088740701634389e-01   7.4079827859679737e-01   1.4241311446771794e-02
   6.1568036620193289e-01   4.2381453246223011e-01   6.6431839410577453e-01   1.3785092094006130e-02
  -9.2581320389291996e-02   9.4766713367340716e-01  -3.0554165488555574e-01   1.6177165123273243e-02
   8.4677254590799986e-03   7.0707271361228052e-01   7.0709014650928037e-01   1.5757525660202495e-02
   2.8869852046797156e-01   9.4400245769531399e-01  -1.5972640403142876e-01   1.8625830182306680e-02
   9.0474144924001931e-01  -4.2572059990422778e-01  -1.4313659359290909e-02   1.4888285068101229e-02
  -2.9529151136553117e-01  -8.1035817421593714e-02  -9.5196434786722683e-01   1.4668103018462868e-02
  -2.7754905228305793e-01  -6.5135238393731110e-01   7.0619161388107554e-01   1.5697452220589034e-02
  -3.0323794523277187e-01   9.0316476873990703e-01   3.0387521958527142e-01   1.3923351800127749e-02
   1.2267552064719275e-01   1.8372747390109007e-01   9.7529222901029233e-01   1.3906040392435499e-02
   1.0469171534990894e-01   8.2502694918785791e-01  -5.5531088396579198e-01   1.5266267935953396e-02
  -5.6654611566070068e-01   7.6747424122633223e-01  -3.0001464611554812e-01   1.3941633312192931e-02
   6.8688012179174318e-01   6.0442982065190964e-01   4.0355952497005976e-01   1.5370664420311752e-02
  -5.7743263506810372e-01  -7.1015223375725589e-01  -4.0280933063657526e-01   1.3932630221964431e-02
  -4.4128548156071362e-01   5.5072202762143285e-01   7.0850008613709203e-01   1.1739577965117333e-02
  -5.2634005196326128e-01   6.1767912700045180e-01  -5.8432751583959408e-01   1.4811389142784355e-02
  -7.9793515082094024e-01  -9.1472043364905192e-02  -5.9576199976753497e-01   1.5629876047019018e-02
   6.4571677508799197e-01  -3.6467327088400703e-01  -6.7086753675574673e-01   1.4276682906800528e-02
  -4.2627384530368856e-01   7.0409196461643286e-01   5.6793055400513448e-01   1.5469221629553456e-02
  -2.1852450440823543e-01  -9.7316987412239009e-01  -7.2023864612686686e-02   1.4938338495890215e-02
   3.6388693278751980e-02  -9.0111329817016872e-01  -4.3205403234126338e-01   1.4964016568650110e-02
   3.0393049714625464e-01   6.0782192770788213e-01  -7.3360667738366758e-01   1.5350698257422595e-02
  -3.4659550335442080e-01   9.3738480919125144e-01  -3.4369703984419984e-02   1.4501675188825882e-02
   9.0246837561439175e-01   3.2696231952692167e-01  -2.8043978431295447e-01   1.5058142675597189e-02
   7.2514483233871774e-01  -6.2018139538458095e-01  -2.9923236614926374e-01   1.4317789011400527e-02
   3.5754655896152038e-01  -2.5842758645230474e-01   8.9742723422861004e-01   1.4572608287933440e-02
  -6.0298677304917203e-01   7.4441604516888871e-01   2.8679557741160749e-01   1.3854609706198270e-02
   4.6466919491890211e-02   9.3464915661432869e-03  -9.9887610267156668e-01   1.4744164108061994e-02
  -7.5358848096597664e-01  -5.0291826429260711e-01   4.2329377599523388e-01   1.5153148219119299e-02
   1.6769752168049279e-01   4.7911994004642480e-02  -9.8467354085134218e-01   1.5723480686282081e-02
  -6.2437244179233375e-01  -7.7683214189957550e-01  -8.1797782622737167e-02   1.4110339525653590e-02
  -5.3297269100552480e-01  -2.1516532215201922e-01   8.1831778349584161e-01   1.4936454419482983e-02
   1.1994137688447092e-01  -9.0025042310539830e-02  -9.8869083027407656e-01   1.6618811259702375e-02
   1.4522100809388830e-01   4.3194337667414778e-01  -8.9013244978235129e-01   1.4727800726310646e-02
   7.6406508937938844e-01   3.7819945551697265e-01  -5.2265639863904134e-01   1.5437065477318171e-02
  -9.7876184375598752e-01  -2.0434830951479191e-01  -1.6340795752558479e-02   1.7391831506453997e-02
  -3.1727706301680286e-01   7.2360406960664470e-01   6.1297015892466900e-01   1.1535528690933879e-02
   3.3016242910142168e-01   7.8909700891010703e-01  -5.1799486574576314e-01   1.6424280396463337e-02
  -1.7989143034407851e-02   9.9958146594166419e-01   2.2655764802829732e-02   1.4746134146284930e-02
  -8.9405913459689090e-01  -2.9795323654703870e-01  -3.3448786625975374e-01   1.4918931021441246e-02
   3.5469972116067372e-01   4.3092768240886037e-01  -8.2975263804477817e-01   1.1752940884244428e-02
  -2.3028610146262507e-01   4.9199314641201181e-01   8.3958981375237884e-01   1.6176666851425131e-02
  -3.1179046127790205e-01   2.9607801238416070e-01   9.0284246623580899e-01   1.3885466841447381e-02
   6.2958939417632165e-01   3.1117331994716163e-01   7.1189069364176516e-01   1.5904738377719160e-02
   5.0868288688717100e-01   8.5435394116759400e-01   1.0640048777864181e-01   1.5309838508809334e-02
  -1.1382061017237043e-01   1.7431994472568421e-01   9.7808865936111522e-01   1.3101925004931635e-02
  -1.0716269998145322e-01  -2.0084316265090058e-01   9.7374441192187022e-01   1.4380470342618582e-02
   6.0048876785984817e-01   7.9079760987641867e-01  -1.1854273443743783e-01   1.5180908926568749e-02
  -6.4008532272510898e-01  -1.4634214925946104e-01   7.5423786366239565e-01   1.7208498505388910e-02
   2.2949707886342555e-01  -3.2902461646298103e-01  -9.1600976662617684e-01   1.4378947106331606e-02
   7.3328292068071088e-01  -2.0677438275947338e-01   6.4771947081464609e-01   1.5291994478982416e-02
   6.1683867938751302e-01  -5.2077762217555534e-01   5.9017007027859647e-01   1.7140909543141326e-02
   4.2523603891121720e-01  -8.9993720634192498e-01  -9.6370824696012408e-02   1.6163880461254370e-02
  -4.1824105386235366e-01   4.6012436149350333e-01   7.8317302866244298e-01   1.3279910227583666e-02
   3.3177874167283394e-01   4.2312690440946221e-01   8.4314084786520493e-01   1.5252354143057310e-02
  -7.3050178566499224e-01  -5.8841049462846218e-01  -3.4661250835961788e-01   1.6123172156859957e-02
  -2.3537272789196872e-01   2.1995622377627182e-02  -9.7165625174796977e-01   1.4667209090367965e-02
   2.3660820945431563e-01  -1.1552790415625748e-01  -9.6471231907760213e-01   1.3519181646147665e-02
  -8.3286992093867007e-01   1.3038249349731917e-01  -5.3789227563243092e-01   1.4193972725640493e-02
   2.4859730300834559e-01  -9.0581932646932961e-01  -3.4306082366196639e-01   1.5792729266633273e-02
  -6.3729889205866341e-01   6.6908026591489655e-01  -3.8233718095949182e-01   1.6647359887152331e-02
   7.9005356558483542e-01  -6.1185409421956816e-01   3.8077958104919873e-02   1.4073908839534358e-02
   2.9726451042746832e-01  -2.2515483141450954e-01  -9.2786804704711190e-01   1.6136067703846266e-02
  -7.2701046366108601e-01  -2.7775077936698556e-01  -6.2794131118148677e-01   1.4718116161557755e-02
  -6.4144330366218671e-01   7.6630738321379188e-01  -3.6379700644321014e-02   1.5452510208847949e-02
  -7.9582300426400610e-01   6.0451343767863086e-01   3.5060655301572520e-02   1.4224084089129615e-02
   2.7623843449221624e-01   9.1343069335774973e-01  -2.9889244845139584e-01   1.5199696267704104e-02
  -3.4145861707501923e-01   3.4889779139978802e-02   9.3924901710716679e-01   1.5055095634881555e-02
   7.7618046013360767e-02  -6.0781375322509035e-01  -7.9027709085073239e-01   1.4957895000727195e-02
   1.0811135156550745e-01   4.2990027788255541e-01   8.9638032482823993e-01   1.4437557836875850e-02
   1.1851613271335115e-01   9.3329970310005783e-01   3.3897727133248234e-01   1.5225137715071736e-02
  -6.0195096906037759e-01  -7.9792399039585848e-01   3.1182309055330502e-02   1.2501733593450892e-02
   1.6406258376807770e-01   9.6051144797696308e-01   2.2472478037043506e-01   1.5626453385670716e-02
  -9.2559305518154766e-01  -1.9031082085993647e-01   3.2719915596362042e-01   1.3493878924658689e-02
  -6.3716925273533842e-01  -7.4476120366146514e-01  -1.9835849588413426e-01   1.5349267271764600e-02
  -4.8362405682450399e-01  -4.8985606522144187e-01   7.2536115627070585e-01   1.5367696397012744e-02
   6.9031906996026404e-02  -6.9617010580415850e-01  -7.1455005395081927e-01   1.0983486395341403e-02
  -5.0888993606129962e-01  -3.6092587476463195e-01   7.8151362489780796e-01   1.3986853690635995e-02
  -2.3258270185988608e-01   8.9290771076883546e-02   9.6846912444127553e-01   1.5199131551207638e-02
  -5.1269924277950329e-01   7.5198547410918015e-01  -4.1431549956779995e-01   1.6061794253066534e-02
   1.6786160334624806e-01   8.8143589822456869e-01   4.4146714423960765e-01   1.5086645561740929e-02
   1.9395226339370833e-01  -8.1315688416310017e-01  -5.4877900949527580e-01   1.5104844467138832e-02
   7.5704283311139353e-01  -5.0705218189415080e-01   4.1204882437771351e-01   1.3999827627080040e-02
   1.2380716758564778e-01  -1.8971078437117170e-01   9.7400287656027695e-01   1.4287215329821381e-02
   2.5485020448521295e-01  -7.2725884956870279e-01  -6.3729580180466605e-01   1.6048856441114080e-02
   4.8897933472444415e-02   9.4105349398040028e-01  -3.3470481557546367e-01   1.6728775666869016e-02
  -4.0762714104974607e-01   6.5476554093646189e-01  -6.3649210543556078e-01   1.7112699066106091e-02
   6.5876552037210478e-01   2.7190152503451043e-01  -7.0149664992270455e-01   1.4780105370473440e-02
   1.9444811985552059e-02  -2.6602740915119283e-01   9.6376932762313539e-01   1.5150832697803956e-02
  -4.4354842026178026e-01  -1.6548945675600085e-01   8.8083939431991964e-01   1.5091044685147633e-02
  -9.6007090841030512e-02   8.2760801694202668e-01   5.5303490739873573e-01   1.6202319954875071e-02
  -7.4354516733035214e-01  -4.1280859660509917e-01   5.2605099249845266e-01   1.8087597574060331e-02
   2.8488049475411209e-01   8.6118306037695047e-01  -4.2095942824510058e-01   1.4941809839310333e-02
  -8.0115872137506694e-01  -2.0611955649062066e-01  -5.6183576923935497e-01   1.4734071749286723e-02
  -2.2142275689049468e-01   3.7558523811952321e-01   8.9994871611537619e-01   1.4738985788245838e-02
  -4.1915488349324520e-01   2.4091255704306708e-01   8.7536867861646439e-01   1.4347391843706489e-02
   9.7303408653790502e-01  -1.6206226049922792e-01   1.6413558467689268e-01   1.5812122234794248e-02
   8.3045933066542221e-01  -2.8913581903194663e-01   4.7616990482753546e-01   1.2081423787418694e-02
   6.8120684766443659e-02   9.8973052891779700e-01   1.2567041193156195e-01   1.5075579071081075e-02
   7.8609710752279904e-01  -5.8875464518655130e-01  -1.8820017352687862e-01   1.5077683359735052e-02
   9.7212367996397675e-01   2.2349515305548806e-01   7.0890531201280346e-02   1.5158148829045689e-02
   8.5495752497526689e-01   1.5975799033365359e-01   4.9348253769785849e-01   1.4263301516267710e-02
  -6.4486290977942329e-01   3.9493369448045101e-01  -6.5435403609577980e-01   1.5658851515207992e-02
   8.3847311458129758e-01   4.5278463912454925e-01   3.0323078124951275e-01   1.4817429773420859e-02
   4.2797693411331278e-01  -1.5053354586872192e-01   8.9116518975729664e-01   1.6137924769768656e-02
   8.1058836445632043e-01   5.4303141142378608e-01   2.1923364161350412e-01   1.4353436325065276e-02
   6.2044124270647194e-01   5.8784026500788800e-01  -5.1913051074301619e-01   1.4643334294993782e-02
   2.0194405220863573e-02   9.9483121561628041e-01  -9.9514011240675715e-02   1.4650169359061251e-02
   3.0100422627929524e-01   8.5398862163132028e-01   4.2438177374416131e-01   1.6468385656062231e-02
  -2.9853156340237724e-01   8.6015571510591149e-01   4.1353482492188059e-01   1.5025018144123204e-02
   6.7718489354624423e-01  -4.0991231801850042e-01   6.1105851723829330e-01   1.1672380972980036e-02
   9.0169565413786945e-01  -3.5863628438386685e-01   2.4150561656453071e-01   1.4851526073178353e-02
   6.2380642505052479e-02   1.2687656179712911e-01  -9.8995504620522856e-01   1.3059879859031939e-02
  -3.0523964944477261e-01  -9.5221698941018906e-01   1.0562267059117626e-02   1.3213277465152457e-02
  -3.7058688520744915e-01   5.7489663540030278e-01  -7.2949243938347452e-01   1.4388665627202561e-02
  -7.3948709493465589e-02  -8.6394233185171765e-01   4.9813174522295561e-01   1.4606848237413077e-02
   1.6243934213619259e-02   7.9745924480051822e-01   6.0315411586380707e-01   1.5415078131542814e-02
   3.4059171330188553e-01   2.8979036766803440e-01   8.9443771590698906e-01   1.4206722829010148e-02
   5.9266688984070914e-01   6.9581350895641686e-02  -8.0243653536842297e-01   1.5021309031535651e-02
  -7.0262127562491217e-01   5.9127034775383347e-01   3.9588220332099033e-01   1.3989478736734390e-02
   5.0724446955419422e-01  -4.9031683946205974e-02   8.6040626571177614e-01   1.3838369837445763e-02
   6.5950880007922663e-01   6.8607389537083574e-01  -3.0716567631938690e-01   1.6114271926266743e-02
  -8.8713717319577945e-01   4.2701177599335671e-01   1.7506735588681580e-01   1.2840777337283883e-02
  -1.8269489262627736e-01  -9.1260804204043167e-01  -3.6574463469940716e-01   1.6187625144484782e-02
  -9.0020326632544209e-02  -3.2429660850281061e-01   9.4166238668991387e-01   1.5319925756313449e-02
   9.4194016828753135e-01   2.0399510624697462e-01  -2.6671092214932401e-01   1.5503645388642229e-02
   8.5603582885492790e-01  -4.8878934601776342e-01  -1.6818928305984238e-01   1.4115706260410076e-02
   8.3161059303281624e-03   2.4598566596941140e-01   9.6923779049299386e-01   1.5025455621844128e-02
   9.3763682348762067e-01   1.0485325176400431e-02   3.4745826396272350e-01   1.2680740670083450e-02
   3.7506024511426839e-01   8.5791952632757973e-01  -3.5114654900865266e-01   1.2282954563231956e-02
  -7.2511742043808380e-01  -4.2214273084919979e-01  -5.4405904217134315e-01   1.5862288238062780e-02
  -9.1392040487477608e-02   7.5254836608261233e-01   6.5216443604502528e-01   1.2961526355284572e-02
   7.0785743310836435e-01  -6.8897362123410488e-01  -1.5573440094212243e-01   1.6598504618888763e-02
   7.4244647288966459e-01   6.2188755391548667e-01  -2.4905642970762462e-01   1.4769383045627542e-02
  -6.6414861178292639e-01  -5.2972469289316571e-01   5.2753992380297920e-01   1.4647493099601621e-02
   3.3833026219838824e-01  -5.2086981738285842e-01  -7.8372652565822831e-01   1.5479492149660662e-02
  -1.0932407472597407e-01   7.8582937043354628e-01  -6.0870390770006233e-01   1.5865739286950287e-02
   5.3534140460311763e-01  -7.3299945555492396e-01  -4.1966817686565921e-01   1.5995662109755577e-02
   7.7985056482766935e-01   6.1496045357822571e-01  -1.1686204290884240e-01   1.7300028361127665e-02
   3.4646269649789696e-01  -9.2697342593257803e-01   1.4381887063325649e-01   1.4215004247563159e-02
   4.0587785891123845e-01   6.7707358987324739e-01   6.1386848554212536e-01   1.4748798236330140e-02
   5.6927849350121107e-01  -4.7936744182349117e-01  -6.6792877805690742e-01   1.4664689150099513e-02
  -9.4570416037328275e-01  -1.9755414859629367e-01  -2.5810075440621610e-01   1.3807391527638669e-02
   5.0001375008430216e-01   2.6785498316330810e-02  -8.6560313470237549e-01   1.2016108996013396e-02
  -7.2569510152935279e-02   3.0456282054960160e-01  -9.4972372537229699e-01   1.6277768123799396e-02
   7.0127316559619357e-01  -7.1279715069602090e-01  -1.1669154824907820e-02   1.6027472283905182e-02
   3.1558751015568300e-02   9.6835892360265341e-01   2.4755815541695975e-01   1.4461134123942832e-02
  -7.3012246546570947e-01   6.1300890334181879e-01  -3.0189612426451329e-01   1.3992238570513824e-02
  -1.5768966638037071e-01   8.5449693441805097e-01  -4.9494338887088940e-01   1.4654913402829463e-02
   2.2723974432196298e-01   1.2275700499973771e-01   9.6607081330717326e-01   1.2388243074075624e-02
  -1.5911758525170216e-01   6.9765770693395757e-01  -6.9853798609618900e-01   1.6105608545423072e-02
   6.0945730457662295e-01  -6.9057802253841227e-02   7.8980555445379519e-01   1.5086495628822163e-02
  -2.4789564317163565e-01   9.6409990324910966e-01   9.5179444480300163e-02   1.5831300973085802e-02
  -3.3325621887048307e-01   1.6719627407011489e-01   9.2789315037951425e-01   1.4380241103308263e-02
   7.7507376686290441e-01   4.6142339215209272e-01  -4.3168172198484883e-01   1.4317273169119902e-02
   9.7656704915457881e-01  -4.0476217161315796e-02  -2.1137283257275144e-01   1.5233781051313034e-02
   6.1752328498150000e-01  -7.8430185650961060e-01  -5.9460830647034613e-02   1.4784658874162091e-02
  -6.5906521707341126e-01   7.0348613569970797e-01  -2.6597048054675060e-01   1.3399256636967906e-02
  -4.3344552792804897e-01  -7.5084574786033043e-01  -4.9835292438114187e-01   1.7117071842243387e-02
  -4.6230526044416903e-01   8.2296454364872407e-01  -3.3015633579063192e-01   1.3604944037938641e-02
  -7.5734040839048156e-01   1.5836613375510691e-01  -6.3352637948107426e-01   1.6456424665535329e-02
  -6.8793720285417459e-01   7.2175340209822103e-01   7.6252419560416937e-02   1.5695810949936596e-02
  -5.6650766716471956e-01   3.4817115059881598e-01   7.4689083066689466e-01   1.5874431711198105e-02
  -2.5164607493661273e-01  -5.6593086831943262e-01   7.8510923141446354e-01   1.2757054242549470e-02
  -3.8964145732329702e-01   8.8822097444971371e-01  -2.4339892210644301e-01   1.5538578566971680e-02
  -2.6838128784018550e-01  -8.6266488467037539e-01  -4.2869660728059344e-01   1.3482300253957509e-02
  -5.6302059844890651e-01   8.2553356972919512e-01   3.8757334433722097e-02   1.3444780251268227e-02
   6.0038823942115171e-01   5.0880152503010045e-01  -6.1697242247268536e-01   1.5271608327848275e-02
  -3.4798419370455452e-01  -1.0211908923377790e-01   9.3192204209679186e-01   1.4622800249809692e-02
  -8.9313844423927508e-02   4.3929357377466222e-01  -8.9389271908574353e-01   1.6439041907591413e-02
  -2.2748348858291040e-01  -4.0200897401880747e-01  -8.8692730662128938e-01   1.2944748698679509e-02
  -5.6974235411721072e-02   1.6311519240757560e-01  -9.8496059337675501e-01   1.6258539169512184e-02
   7.5665081653084787e-01  -3.1747662014276462e-01   5.7156638941240068e-01   1.7497111008575754e-02
   9.6571467964172586e-01   7.6515071852648678e-02  -2.4807378197597313e-01   1.4177476632574952e-02
  -7.0563316899516593e-01   5.1501163561344188e-01   4.8666707922008345e-01   1.6104660515380662e-02
   9.8457427696415009e-02  -3.1500752185675890e-01  -9.4396842961248906e-01   1.6091706241681818e-02
  -6.4139325802247027e-01  -2.7178198515494500e-01  -7.1746027144961699e-01   1.4060657943884907e-02
   5.3594322577055044e-03  -9.9805967295319187e-01   6.2033585342479582e-02   1.3480488793729255e-02
  -2.3168970401047068e-02  -8.9423563549285850e-02  -9.9572417119034640e-01   1.3719977555792859e-02
  -5.6620288756834392e-01  -5.3978570256717495e-01   6.2293313077193968e-01   1.7462388773550868e-02
   7.8380116606632300e-01  -5.4989715014877794e-01   2.8856343554117275e-01   1.5120560224874305e-02
  -4.4232276245150148e-01  -8.5166080181727111e-01  -2.8111288206917068e-01   1.7549646730329556e-02
  -4.8428203090295163e-01  -1.9062619796275901e-01  -8.5389259699026288e-01   1.6072631195566071e-02
  -6.4782988903710509e-02   9.0830497673576860e-01  -4.1326170108750304e-01   1.3685779388043131e-02
  -7.8097939278302234e-02  -8.7547250410089750e-01  -4.7691572257977272e-01   1.6110919095127487e-02
  -5.6183191540155364e-01  -7.7304739459480387e-01  -2.9452100866730591e-01   1.4794750736915541e-02
  -5.2457689073068159e-01   4.6690120634887999e-01   7.1191456595668212e-01   1.6968282061587153e-02
  -4.4355950526133836e-01  -8.8602543520667087e-01  -1.3495885839449820e-01   1.4114434770358958e-02
   8.5661415527444207e-01  -4.7397282894946235e-01   2.0386747264116942e-01   1.4599794239280513e-02
   7.1890329917860962e-01  -6.5079737234382196e-01   2.4421471409496837e-01   1.4044894151052896e-02
  -9.8707557387500744e-01  -1.5914125227624368e-02   1.5946332518031950e-01   1.3916963376578982e-02
  -7.8186927112478155e-02   3.2262252109703016e-02  -9.9641655522051520e-01   1.5819222316527128e-02
  -7.8300419864033222e-01   4.9188518514865548e-01   3.8072744784541579e-01   1.4666592094734223e-02
  -4.8512626228376821e-01  -7.8411560576924677e-01  -3.8705971946420320e-01   1.2941844624565891e-02
   4.0893151471219041e-01   6.1832903285401319e-01  -6.7115141615362361e-01   1.3763379388082714e-02
  -8.1765964150503256e-01  -5.2130530838314060e-01  -2.4428157135858705e-01   1.4785652322500415e-02
   4.3723818007024105e-03   1.2649208456902317e-01   9.9195798036951743e-01   1.6024551049218509e-02
  -6.2712240686939802e-01   5.8419860391346501e-01  -5.1519848406986957e-01   1.4378126422943362e-02
  -5.5912792476395656e-01  -3.9916870395507614e-01  -7.2666382153783893e-01   1.4354582999526631e-02
   7.5647009790423625e-01   6.3723686655821199e-01   1.4724865661807143e-01   1.6594931118350816e-02
   8.0167253074000910e-01  -8.8602687484073392e-02   5.9116048347932448e-01   1.4734996456777805e-02
   4.0179830686823581e-01  -8.0014606328813465e-01  -4.4533627519248803e-01   1.5159399158815191e-02
  -7.0117497024941322e-01   4.2128165767751363e-01   5.7521772051999653e-01   1.5169455763555825e-02
  -2.9144388977370234e-01   5.2287292307412447e-01  -8.0103955297444251e-01   1.3253836435528757e-02
   7.4498988905743424e-01   2.8788919376438588e-01  -6.0175566247097634e-01   1.4438435130349307e-02
   9.4672560687224194e-01  -3.1614231760055123e-01  -6.1356827774401435e-02   1.5054677551735162e-02
   3.2723472461633589e-02  -3.8691672849510411e-01   9.2153384070293298e-01   1.4942451078993056e-02
  -9.0170157905448556e-01   9.9905261282194971e-02  -4.2065805721367505e-01   1.4244441642529939e-02
  -9.8355530386098589e-01   1.5719147921670383e-03  -1.8060036913254018e-01   1.3538542313039031e-02
   6.3989608151307997e-01  -7.4444242327755905e-01   1.9062655452176974e-01   1.6729105516530111e-02
   4.9597116442529748e-01  -4.0330089636197786e-01   7.6899999418221043e-01   1.5651451900692691e-02
   1.2374347811442746e-01  -9.8535952441244856e-01   1.1727812785774401e-01   1.6919203845292819e-02
   1.4082010187660443e-01  -3.0922884870053852e-01   9.4050370442587961e-01   1.5158373363028024e-02
   1.6127136446638138e-01  -4.2632251632800361e-01  -8.9007901844437987e-01   1.4990630671263732e-02
  -9.1095614007991554e-01  -1.6924077253689643e-01  -3.7618675117794298e-01   1.5785751718475415e-02
  -8.4626830844276779e-01   5.7485989734279548e-02   5.2964640196048418e-01   1.4775662773851927e-02
  -7.0330788313241355e-02  -4.5038955018996135e-01   8.9005776963909611e-01   1.4070506690351694e-02
  -4.6222242015705323e-01  -6.5556065978987876e-01  -5.9715212102111415e-01   1.3074318594736881e-02
   7.2520647754892609e-01  -4.5365438700654259e-01   5.1795102284945549e-01   1.5880437172281856e-02
  -7.9200530315735318e-01   3.7245905245862736e-02  -6.0937701163815261e-01   1.4168580968048617e-02
   3.8609654286996953e-01  -3.7783191545757494e-01   8.4152985879617948e-01   1.5425188231553902e-02
   1.0061222520605785e-01   6.4787498082104378e-01   7.5507296956335135e-01   1.4615246466445908e-02
   5.9455491587335974e-01   5.2669333779733896e-01   6.0753483845020795e-01   1.2151328933774266e-02
   5.6671996975677019e-01   3.3192271331176665e-01  -7.5409269209205321e-01   1.5046247277476721e-02
  -8.4252092608541385e-01   3.7393967014315777e-01   3.8772104946907759e-01   1.5966798156028725e-02
  -6.7825638591286030e-01   1.0095671051513648e-01   7.2785714090773879e-01   1.5087637304990010e-02
  -5.2189048229403801e-01   2.4546266265007222e-01   8.1693231404788569e-01   1.3648367013235678e-02
  -8.3806019828285683e-01   4.7333875653513985e-01   2.7130338297903012e-01   1.5426377632886908e-02
   1.6324582406048224e-01  -2.1090211365212388e-01  -9.6377959066577079e-01   1.3973578241005044e-02
  -6.7455215436547500e-01   3.1280726324353092e-01   6.6867855289592526e-01   1.4442767702621945e-02
  -4.5708638482326985e-01  -4.0962419154617080e-01  -7.8948087912839260e-01   1.6557025256683459e-02
  -4.5814844824434370e-01  -5.8906201397057123e-01   6.6566203366891397e-01   1.2782561398116477e-02
   3.0897581490065712e-01  -9.4245623183531568e-01  -1.2771138117353706e-01   1.4748672707602354e-02
  -1.2300457201460174e-01   2.9709182955052471e-01   9.4689298237859310e-01   1.6369506854749534e-02
   1.0461632450365380e-01  -9.6903043244890452e-01  -2.2368604255794677e-01   1.2074849229338739e-02
   5.7667038678287474e-01   7.8036165230100707e-01  -2.4184076708804064e-01   1.3941117247707311e-02
  -9.5995804541452157e-01  -3.2544328628274087e-03   2.8012490019752395e-01   1.6462963593829202e-02
   6.2641252494525768e-01   6.5742212652526355e-01  -4.1881200573372679e-01   1.2993946239519622e-02
   6.7685225566061324e-01   2.7183006900025317e-02   7.3561682154706942e-01   1.3391843850818857e-02
  -2.9855225833825705e-01   2.8695211429431755e-01  -9.1023350473554177e-01   1.5871777779091038e-02
  -9.1640593157384084e-02  -1.9298646419352031e-01  -9.7691259912227868e-01   1.5416241899753980e-02
  -2.8413603448939762e-01  -7.3952377326828056e-01   6.1022233872227638e-01   1.4251754223707065e-02
  -3.5382562331705725e-01  -9.1077543186550225e-01  -2.1282749116245248e-01   1.3870960986126207e-02
  -6.2767414265957799e-01  -9.3894444305384576e-03   7.7841955844509036e-01   1.6169010549489621e-02
   5.8693462047648381e-01   6.7080333149933136e-01   4.5335487395143814e-01   1.4191847261770888e-02
   1.2401441160627087e-01  -9.6125284976123393e-01   2.4619785648916021e-01   1.5308842646566841e-02
   5.5804289393516804e-01   7.4433934013209979e-01  -3.6680659108060343e-01   1.4456378792203425e-02
   5.2020545681873431e-01  -8.5404109173326537e-01   3.1036601669584069e-04   1.5862304323227831e-02
  -2.8958477133535299e-01  -4.6582059639699247e-01   8.3615299567902146e-01   1.4395783325444911e-02
   5.9950110302806148e-01  -6.7645015232759542e-01   4.2780091033576662e-01   1.5042248628860656e-02
  -5.9671974683959750e-01  -1.7648481585041054e-01  -7.8280179707633102e-01   1.5325054736243980e-02
   4.3467056026627177e-01   3.4362843576742164e-01   8.3245480488122614e-01   1.5901643407586100e-02
   9.6704453495429321e-01   1.7495232695828680e-01   1.8497716266316599e-01   1.2507946438158547e-02
  -3.8014857413819869e-01  -6.2255724592364992e-01  -6.8403913420845641e-01   1.5826664354110152e-02
   2.4831585209562554e-01  -9.6517514576794383e-01   8.2317529055796659e-02   1.3229933784846231e-02
  -3.8232508740323018e-01  -6.7125457780477116e-01   6.3501560557064340e-01   1.4609497304082215e-02
   3.9183262118946688e-01   5.2827581017562450e-02  -9.1851861366856613e-01   1.6418489027695670e-02
  -2.4299445160838720e-01   6.7286335485842252e-01   6.9871925848384042e-01   1.7107200453469262e-02
   5.3753106798428951e-01  -1.9436178321567454e-01  -8.2053875482934513e-01   1.4663917425760391e-02
  -2.7136306910879099e-01  -5.8632355625921295e-01  -7.6327372029921681e-01   1.5356761727106458e-02
   5.6691157906131895e-01  -6.4110379146230273e-02  -8.2128017193399261e-01   1.3697347800071907e-02
   8.7635045088122565e-01  -3.1727107097401247e-01   3.6242096347103808e-01   1.5935956303116113e-02
   3.5991251233586902e-01  -8.6456044069527771e-01  -3.5071103183229102e-01   1.3765690801519325e-02
  -4.3971102492877256e-01  -2.7727602910931584e-02   8.9771119776512875e-01   1.4950870533631927e-02
   2.8638423807648966e-01  -4.5684625700959858e-01   8.4218499490175458e-01   1.5442349521845271e-02
  -5.0697164251952487e-01   8.3754068641394142e-01  -2.0372862411138717e-01   1.6290497874452060e-02
   2.4955216293109697e-01  -2.1740435738970659e-01   9.4364138493623728e-01   1.6127510480519951e-02
   8.3944889208886231e-01  -4.3832673259980381e-01   3.2124014857916144e-01   1.4819462033770074e-02
  -9.2206364119246842e-01  -3.5219791087000046e-01   1.6048449510682958e-01   1.5716887119316559e-02
  -3.0250462855872984e-01   7.9923679902281974e-01   5.1933754802469434e-01   1.5876687897277954e-02
  -6.5290255596166069e-01  -5.2504680886107302e-01  -5.4593415438451398e-01   1.5777044291406195e-02
  -4.1668912373688805e-01  -2.9076304688006316e-01  -8.6129380859751137e-01   1.2953864308070065e-02
  -8.4059532919917646e-01   4.0229737348045785e-01  -3.6270692827578210e-01   1.3546114217522937e-02
   9.3427990033970720e-01  -2.1998358069496105e-01   2.8058562337698312e-01   1.7236166260146620e-02
   4.9138557774699004e-01   1.4159460560514009e-01  -8.5935509636341934e-01   1.4923272228029923e-02
   5.0965669270098257e-01   6.2545683883099668e-01  -5.9080775074861103e-01   1.6194549372972326e-02
  -3.1010113686686235e-02   8.5667863924399890e-01  -5.1491754865433481e-01   1.5602801229164017e-02
  -7.3022288677784675e-01  -6.0046372839634254e-01   3.2591079532011724e-01   1.5464558576393152e-02
   3.3708202230890333e-01  -7.6680516435857604e-01  -5.4624678502409252e-01   1.5182708091449764e-02
  -1.5504113534589395e-01   5.6545441189793255e-01  -8.1007626456761428e-01   1.5240913400963863e-02
  -8.9786748414467077e-01   2.5701605172216380e-01   3.5745871100431925e-01   1.4535882716274751e-02
